1 3005
1 2958
2 2937
2 2916
2 2844
3 3007
4 3005
5 2912
5 2937
5 3005
6 3005
7 2988
7 2851
7 2930
7 3005
7 2932
7 2945
7 2832
7 2937
8 2932
8 2832
8 3005
8 2945
8 2896
8 2833
8 2988
8 2851
8 2912
8 2916
8 2937
9 3005
9 2957
10 2988
10 2945
10 3005
10 2833
11 2832
11 2932
11 3005
12 2832
13 3005
13 2833
13 2816
13 2988
13 2898
13 2862
13 2957
13 2896
13 2818
13 2912
13 2916
13 2945
13 2851
13 2832
13 2937
13 2812
13 2871
14 2981
15 3005
15 2833
15 2816
15 2916
15 2995
15 2821
15 2937
16 2832
17 2937
18 2932
18 2916
18 2851
18 2988
18 2945
18 2832
18 3005
18 2961
18 2911
18 2821
18 2918
18 2808
18 2994
19 3005
19 2832
20 2832
21 3005
21 2821
22 3005
22 2851
22 2945
22 2832
22 2884
23 2945
23 2832
23 3000
23 2942
23 2932
23 2988
24 3005
25 2898
25 3005
26 2851
26 3005
27 2832
27 3005
27 2988
27 2945
28 2932
28 2912
28 2916
28 2945
28 2832
28 3005
28 2853
28 2896
29 2849
29 2851
29 3005
30 2989
30 2983
31 2932
31 3005
31 2833
31 2816
31 2896
31 2912
32 3005
33 2832
34 3005
34 2961
35 2896
36 2988
36 2945
36 2851
36 2916
36 3005
36 2919
36 2833
36 2816
36 2978
37 2932
37 2916
37 2851
37 2988
38 3005
38 2832
39 3005
39 2851
39 2832
39 2988
39 2932
39 2945
39 2896
39 2833
39 2816
39 2912
40 3005
40 2932
40 2945
40 2937
41 3005
42 2833
42 3005
42 2816
42 2945
42 2851
42 2988
42 2832
43 2796
43 2875
43 2861
44 3005
44 2833
44 2816
44 2978
44 2992
44 2851
45 3005
45 2945
45 2832
45 2932
45 2988
46 2899
46 2879
46 2854
46 2887
46 2840
46 2797
46 2806
46 3001
46 2971
46 3003
47 2874
47 2964
48 2988
48 2945
48 2918
48 2932
49 3005
50 2981
51 3005
51 2832
51 2851
51 2988
51 2816
52 2981
53 3005
54 2994
55 2902
55 2965
55 2956
55 2940
55 2881
55 2798
55 2949
55 2899
56 2796
57 2917
57 2981
57 3005
58 2937
58 3005
58 2851
58 2988
58 2945
59 2832
60 3005
61 2932
61 2988
61 3005
62 2932
62 3005
62 2833
62 2816
62 2937
62 2851
62 2988
62 2896
62 2818
62 2832
63 2945
63 3005
63 2833
63 2816
63 2952
63 2913
63 2963
63 2851
63 2988
64 2832
64 2932
64 3005
64 2896
64 2833
65 3005
66 2859
67 2849
67 2937
67 3005
68 3005
68 2832
68 2988
68 2945
68 2932
68 2937
68 2912
69 2957
69 2932
69 2988
69 3005
70 2875
70 2861
70 3006
70 2937
70 2896
70 2932
70 2912
71 2832
71 2978
71 2992
71 2862
72 2984
73 2931
74 2832
75 2934
76 2832
76 2945
77 2896
78 2988
79 2917
80 2832
81 2988
81 2918
81 2911
81 2878
81 2808
82 2912
83 2832
83 2851
83 3005
83 2808
83 2961
83 2870
83 2994
83 2943
83 2911
84 2912
84 2945
84 2851
84 2988
84 3005
84 2874
84 2808
85 2988
85 2932
85 2945
85 3005
86 2932
87 2988
87 2832
87 2875
87 2932
87 3005
87 2896
87 2937
87 2930
88 2796
88 2875
88 2834
88 2902
88 2850
89 2932
89 2832
90 2932
90 2937
90 2832
90 2896
90 2912
90 2851
90 2988
90 3005
90 2961
90 2868
90 2918
90 2994
90 2878
90 2873
90 2944
90 2938
90 2825
90 2804
91 2981
92 3005
92 2957
93 2832
94 2990
94 3005
94 2833
95 3005
95 2833
95 2816
95 2988
95 2916
95 2851
95 2932
95 2945
95 2832
95 2918
95 2961
96 2832
96 2932
96 2912
96 2945
96 2988
96 2937
97 2932
97 2832
98 2832
99 2891
99 2998
99 2815
99 2856
99 2823
99 2877
99 2889
99 2826
99 2814
99 2969
99 2828
99 2867
99 2852
99 2842
99 3002
99 2811
99 2836
99 2845
99 2941
100 3005
100 2945
100 2832
101 3005
101 2937
102 3005
102 2851
102 2916
102 2832
103 3005
103 2832
103 2863
103 2833
103 2816
103 2932
104 2937
104 2896
104 2932
104 2916
104 2945
104 2988
104 3005
104 2871
104 2810
104 3004
104 2979
104 2976
104 2827
104 2935
104 2959
104 2929
105 2832
105 3005
105 2932
105 2945
106 2988
106 2916
106 2870
106 2918
106 2961
106 2972
106 2937
106 2818
106 2896
106 2932
106 2912
106 2919
106 2945
106 2851
106 2832
106 3005
106 2868
107 2988
107 2839
107 2804
107 2930
107 2918
107 2851
107 3005
108 2932
108 2937
108 3005
109 3005
109 2832
109 2833
109 2816
109 2916
109 2896
109 2937
110 3007
111 3005
111 2988
111 2851
111 2932
111 2945
112 2986
113 2849
113 2977
113 2918
113 2808
113 2994
113 2860
114 3005
114 2833
114 2816
114 2988
114 2945
114 2832
114 2896
114 2937
115 2832
115 2988
115 2932
115 2916
115 2912
115 2896
116 3005
116 2833
117 2988
117 3005
117 2833
117 2851
117 2945
117 2932
117 2961
117 2911
117 2878
117 2808
117 2973
118 2937
118 2988
118 3005
118 2833
118 2932
118 2832
119 3005
119 2916
120 2851
120 2988
120 2930
120 2932
120 2912
120 2945
120 2832
121 3005
121 2833
122 3005
122 2932
122 2945
122 2832
123 3005
123 2902
123 2937
123 2896
123 2912
123 2916
123 2871
124 3005
124 2832
124 2849
125 2896
125 2955
126 3005
126 2832
126 2988
127 2932
128 3005
128 2851
128 2988
128 2832
128 2916
129 3005
129 2912
130 2851
130 3005
131 3005
131 2932
132 3005
133 3005
133 2832
134 3005
134 2833
134 2816
134 2832
135 2859
135 2961
136 2930
136 2917
137 2832
137 3005
138 3005
138 2833
138 2816
138 2945
138 2832
139 3005
139 2833
139 2816
139 2932
139 2945
139 2988
140 2988
141 2917
142 2832
142 2916
142 2988
142 2896
142 2932
142 2912
143 2917
144 2918
144 2943
144 3005
145 2981
146 3005
146 2932
146 2851
146 2961
146 2988
146 2916
146 2945
146 2912
146 2937
146 2812
146 2833
146 2816
146 2871
147 2988
148 2851
148 3005
149 2851
149 3005
150 3005
150 2833
150 2932
150 2945
150 2961
151 2945
152 2945
153 3005
153 2957
154 3007
155 3005
155 2801
156 2987
157 2832
157 3005
158 2832
158 3005
159 3005
159 2957
160 3000
160 2932
161 2939
161 2861
161 3006
161 2907
161 2986
161 2948
161 2920
161 2872
162 3005
162 2832
162 2851
162 2896
163 2988
163 3005
163 2851
163 2945
164 2988
164 2851
164 2911
164 2930
164 2932
164 2832
164 3005
165 3005
165 2833
165 2851
165 2945
166 2932
167 2909
168 3005
168 2832
169 3005
169 2808
170 2945
170 2937
171 3005
172 2832
173 2988
174 2851
175 2851
175 3005
176 3005
176 2851
177 2832
177 2945
177 2932
177 3005
177 2816
177 2916
177 2919
177 2937
178 2977
178 3005
178 2916
178 2988
178 2945
179 3005
179 2896
179 2832
179 2833
180 2832
180 2988
180 2932
180 3005
180 2851
180 2945
180 2930
180 2898
180 2957
181 2988
181 2851
182 2945
182 2832
183 2932
183 3000
184 2990
184 2988
184 2832
184 3005
185 2961
185 2915
185 2868
185 2918
185 2808
185 2870
185 2878
185 2849
185 2977
185 3005
185 2833
185 2851
186 2981
187 2945
187 2916
188 2945
188 2808
188 2932
188 2912
188 2916
188 2988
188 3005
188 2937
188 2961
188 2911
189 3005
189 2832
189 2833
189 2816
190 2879
190 2885
191 2832
191 2932
191 2988
191 2945
191 2919
191 2916
191 2930
192 2945
192 2832
193 3005
193 2957
193 3000
193 2898
193 2833
193 2816
193 2896
193 2818
193 2985
193 2916
193 2945
193 2851
193 2988
193 2812
194 3005
194 2832
194 2851
194 2932
195 2961
195 2911
195 2994
195 2808
195 3005
196 2982
197 3005
197 2896
197 2932
197 2818
197 2833
197 2801
198 2851
198 3005
198 2988
198 2945
198 2916
198 2832
198 2833
199 2982
199 2817
200 2833
201 3005
201 2988
201 2832
201 2945
201 2833
201 2816
201 2851
201 2932
201 2896
201 2898
201 2978
201 2818
201 2955
201 2912
201 2916
201 2802
202 3005
202 2833
202 2832
203 2932
203 2855
203 2937
203 3005
203 2896
203 2818
203 2851
203 2988
203 2832
204 2988
204 3005
204 2851
205 2833
206 2988
206 2851
206 2945
206 2919
207 2832
208 2945
208 2988
208 3005
208 2833
209 2951
209 3005
209 3007
209 2923
209 2904
210 3005
211 2945
211 2832
211 3005
211 2932
211 2988
212 3005
212 2833
212 2816
212 2861
213 2832
213 3005
213 2932
213 2945
213 2988
213 2833
213 2930
213 2937
214 3005
214 2988
214 2832
214 2930
214 2918
215 2981
216 3005
217 3005
217 2945
217 2916
217 2988
218 2896
218 3005
218 2851
218 2884
219 3005
220 2945
220 3005
220 2916
220 2851
220 2988
221 3005
221 2988
222 3005
223 2832
223 2932
223 2916
223 2919
223 2945
223 2851
223 2988
223 3005
224 2932
224 2832
224 2945
224 3005
224 2833
224 2816
224 2896
225 2851
225 2988
225 3005
226 2988
226 2932
226 2945
226 3005
226 2851
226 2919
226 2896
227 2875
227 2821
227 2932
228 2957
228 2916
228 3005
229 2945
229 2988
229 2930
229 2937
229 2932
229 3005
230 2902
231 2832
232 3005
232 2832
232 2945
233 3005
233 2851
233 2988
233 2930
234 3005
234 2833
234 2932
234 2896
234 2818
234 2875
234 2975
235 3005
235 2932
235 2912
235 2945
235 2851
235 2988
235 2937
236 3005
236 2932
236 2833
236 2816
236 2988
236 2945
236 2832
236 2930
237 3005
237 2832
237 2833
237 2816
237 2916
237 2945
237 2988
237 2851
237 2937
238 2832
238 3005
239 2932
239 2832
239 2916
239 2937
239 3005
240 2832
240 3005
241 2875
242 3005
243 3000
243 2942
243 2932
243 2988
243 2832
244 3005
244 2833
244 2816
244 2945
244 2832
244 2851
244 2988
245 2832
245 2937
245 3005
246 3005
246 2932
246 2851
246 2937
246 2833
246 2961
246 2824
246 2965
246 2917
246 2930
247 2884
247 2809
248 3005
249 2932
250 2832
250 2988
250 2916
250 2851
250 2932
251 2832
252 2961
252 2911
252 2821
252 2918
252 2912
252 2804
253 2832
253 2932
253 3005
253 2937
253 2981
254 2988
255 3005
256 2937
256 2912
256 3005
257 2832
258 2945
258 3005
258 2833
258 2932
258 2916
258 2988
259 3005
259 2916
259 2851
259 2988
259 2937
260 2853
260 2801
260 3005
261 3005
262 2832
262 2945
262 2988
262 2932
262 3005
263 2932
263 2832
264 2932
265 3005
266 3005
267 3005
267 2833
267 2816
267 2818
268 3005
269 3005
269 2833
270 3005
270 2833
270 2988
270 2851
270 2816
270 2918
270 2832
270 2919
270 2945
270 2932
270 2912
271 2832
272 2945
272 3005
273 2932
273 2832
273 3005
274 2832
274 2932
275 3005
275 2916
275 2975
276 3005
276 2917
276 2982
276 2932
276 2937
276 3000
276 2797
276 2931
276 2981
277 2982
278 2932
279 2937
279 2932
279 2896
279 2832
280 2988
280 2932
280 2851
280 2961
280 2808
281 2988
281 2961
281 2808
282 3005
282 2988
282 2851
282 2930
282 2912
283 3005
284 2957
284 2945
284 2937
284 3005
285 3005
285 2832
285 2833
285 2816
286 3005
287 2916
287 2945
287 2851
287 2988
287 2832
287 2937
287 3005
288 3005
288 2832
289 2846
290 3005
290 2945
290 2912
291 3005
292 2832
293 3005
294 2898
294 2957
294 2896
294 2932
294 2912
294 2937
294 3005
295 2917
296 2988
296 2851
296 2945
296 2961
296 2911
296 2918
296 2943
296 2808
296 2930
296 2917
297 3005
297 2916
297 2832
297 2818
297 2846
297 2946
297 2929
297 2888
297 2798
297 2875
297 2837
297 2869
297 2921
297 2967
297 2936
297 2960
297 2975
298 3005
298 2833
298 2816
298 2851
298 2988
298 2832
299 2970
299 2933
300 2808
300 2958
301 2851
301 3005
301 2945
301 2832
301 2988
302 2932
302 2832
302 2801
302 2945
302 2988
302 3005
303 2832
303 3005
304 2832
305 3006
306 3005
306 2832
307 2945
307 2932
307 2896
307 2937
307 2988
307 2930
307 2917
307 2833
308 3005
308 2912
308 2957
309 2988
309 2832
309 3005
309 2978
309 2957
309 2932
309 2912
309 2916
309 2945
309 2937
310 3000
310 2832
310 2932
310 2945
310 2847
310 3005
310 2833
310 2816
310 2812
311 2851
312 2988
313 2832
313 3005
313 2896
313 2851
313 2833
314 2988
315 2961
315 2918
315 2808
315 2915
315 2868
316 2832
317 3000
317 2832
318 2988
319 2884
320 3005
321 3005
321 2832
322 2982
322 2797
323 2932
323 2964
323 2988
323 2928
323 2807
323 2886
323 2912
323 2851
323 3006
323 2948
323 2882
323 2962
324 3005
324 2851
324 2988
324 2930
324 2937
325 2957
325 2832
326 2957
327 3005
327 2833
327 2851
328 2916
328 2832
328 3005
329 3005
329 2833
329 2816
329 2945
330 2896
330 2932
331 3005
332 2907
333 2832
333 2988
333 2851
334 2955
335 2958
336 2932
337 3005
338 3005
338 2833
338 2816
338 2880
338 2851
338 2988
338 2945
338 2832
338 2961
338 2911
338 2808
339 3005
339 2945
339 2916
339 2832
340 2898
340 3005
341 3005
342 3005
342 2833
342 2816
342 2957
343 2832
343 3005
344 2932
345 2831
346 3005
347 2945
347 2988
347 3005
348 2932
349 2896
349 2932
350 3005
351 2966
352 3005
353 2932
353 2896
354 3005
355 3005
355 2833
355 2945
355 2816
355 2932
356 3005
356 2916
356 2833
356 2945
356 2988
356 2932
356 2851
356 2849
357 3005
358 3005
358 2833
358 2945
359 3005
359 2919
359 2945
360 3005
360 2861
361 3005
362 2916
362 2945
362 2851
362 2988
362 2832
362 2937
362 3005
363 2812
363 2988
363 2832
363 3005
364 3005
365 3005
366 2945
366 3005
366 2937
367 2937
367 2818
367 3005
368 2945
368 2988
368 3005
368 2916
369 3000
369 2932
370 3005
371 2832
372 2851
372 2988
372 3005
373 2945
373 2932
373 3005
373 2988
373 2832
374 2912
374 2916
374 2988
374 2833
374 2930
374 2932
374 2919
374 2945
374 2851
374 3005
374 2821
374 2870
374 2878
374 2868
374 2911
374 2808
374 2994
374 2918
375 2832
375 3005
376 3005
376 2945
377 3005
378 2916
378 2919
378 2945
378 3005
379 2832
379 2912
380 3005
381 2937
381 2896
381 2932
381 2912
381 3005
381 2832
382 2988
382 3005
382 2907
382 2851
383 2832
383 2975
383 2916
383 3005
383 2816
384 2932
384 2832
384 2821
384 3005
385 2794
385 2817
386 3005
386 2833
386 2816
387 3005
387 2833
387 2816
387 2832
387 2884
388 2937
389 2957
390 2945
390 3005
391 3005
391 2833
391 2816
391 2932
391 2988
391 2851
391 2945
391 2919
391 2916
391 2832
392 2911
392 2808
393 2945
393 2988
393 2916
393 2851
393 3005
393 2932
393 2912
393 2937
393 2833
393 2871
393 2896
393 2818
393 2919
393 2816
393 2995
394 2851
395 2945
395 2988
395 3005
395 2932
395 2916
395 2851
396 2945
397 3005
398 3005
399 2911
400 2832
400 2932
400 2945
400 2988
400 3005
400 2833
400 2916
400 2851
400 2937
401 2932
401 2945
401 2988
401 2832
401 2937
401 3005
402 2988
402 2851
403 2896
403 2932
403 2937
404 2832
404 2916
404 3005
405 3005
405 2832
405 2833
405 2896
405 2988
405 2945
406 2988
407 3005
408 2808
408 2911
408 2988
408 2851
409 3005
409 2884
409 2833
410 3005
410 2932
410 2833
410 2816
410 2945
410 2832
410 2937
411 2875
411 2991
411 2838
412 2988
412 3005
412 2833
412 2816
412 2930
412 2918
412 2832
413 3005
413 2851
413 2832
413 2833
414 2832
414 3005
414 2833
414 2816
414 2988
414 2945
414 2916
414 2896
414 2932
414 2818
414 2853
414 2801
414 2851
414 2849
414 2957
414 2912
414 2937
414 2878
414 2873
415 2817
415 3005
416 3005
417 2981
418 3005
418 2945
418 2988
418 2832
419 2981
420 2832
420 2932
420 2937
420 2896
420 3005
420 2833
420 2816
420 2988
420 2945
420 2916
421 2945
421 2832
421 3005
421 2982
421 2988
421 2851
421 2932
421 2896
421 2916
421 2937
422 3005
422 2896
422 2932
423 2932
423 3005
423 2896
423 2818
423 2945
423 2833
424 3000
424 2932
425 3005
425 2851
426 2937
426 3005
427 3005
428 2932
428 2832
428 2945
428 3005
428 2833
428 2816
428 2978
428 2851
428 2988
428 2937
428 2801
428 2853
429 3005
429 2937
429 2812
429 2833
429 2816
430 2932
431 2896
432 2832
432 2846
433 2945
433 2851
433 2988
434 2832
434 3005
434 2833
434 2945
434 2988
434 2912
434 2851
434 2916
435 3005
435 2833
435 2816
435 2932
435 2916
435 2851
435 2832
436 2945
436 3005
437 3005
438 3005
438 2917
438 2981
439 3005
439 2988
439 2832
439 2932
439 2945
439 2937
440 3005
441 2932
441 2937
442 2932
442 2912
442 2916
442 2945
442 2988
442 2832
442 2937
442 3005
443 2980
444 2832
445 3005
445 2832
446 2832
447 2896
447 2932
447 2937
448 2932
448 2988
448 3005
448 2937
449 2981
450 3000
450 2942
450 2859
450 2797
450 2932
450 2945
450 2988
450 2832
451 2818
452 2932
453 2863
454 3005
455 2981
456 2855
456 2984
457 2832
458 2896
459 3005
459 2988
460 2859
461 2832
461 3005
462 2988
462 3005
462 2916
462 2851
463 3005
463 2833
463 2816
464 3005
465 2820
465 2835
465 2884
465 3005
465 2898
465 2896
465 2916
465 2945
465 2851
465 2988
465 2832
466 2937
466 2932
466 2988
466 2832
466 2945
466 3005
466 2804
466 2900
466 2912
466 2851
467 2832
468 2937
469 3005
470 2875
471 2907
472 3005
472 2833
472 2816
472 2832
473 2992
473 2912
473 3005
473 2978
473 2937
474 2896
474 2932
475 2916
475 3005
476 2988
476 2945
477 2931
477 3006
477 2892
477 2841
477 2925
477 2893
477 2897
477 2890
477 2894
477 2910
478 2916
478 2832
478 2932
478 2912
478 2851
478 2988
478 2937
478 3005
479 3005
479 2851
479 2832
479 2833
480 3005
481 3005
482 3005
483 2832
483 2833
483 3005
483 2816
483 2937
483 2932
484 3000
484 3006
485 2945
486 2942
487 3005
488 2870
489 2932
490 2932
490 3005
490 2832
491 2981
492 3005
492 2833
492 2816
493 2851
493 2988
493 2832
493 3005
493 2833
494 2832
494 3005
494 2932
494 2916
495 3005
495 2833
495 2816
495 2851
496 2916
496 3005
496 2937
496 2932
497 2988
497 2945
497 2932
497 2832
498 2988
498 2832
498 2863
498 2932
498 3005
498 2945
498 2916
498 2833
499 2932
499 2945
499 2832
499 3005
499 2833
500 3005
500 2832
500 2988
500 2945
500 2930
500 2912
501 2937
502 2988
502 2945
502 3005
503 3005
503 2945
503 2932
503 2916
503 2988
503 2833
504 2859
504 2957
504 2912
504 3005
504 2851
504 2988
504 2937
505 3005
505 2833
505 2816
505 2851
505 2988
506 2832
506 3005
506 2932
507 2865
508 2832
508 2945
508 3005
509 2851
509 2988
509 3005
510 3005
511 2832
512 2851
512 2896
512 2818
512 2832
512 2988
513 2953
513 2932
514 3005
514 2918
514 2851
514 2988
514 2916
514 2945
514 2961
515 2932
515 2988
516 2937
516 3005
516 2988
516 2851
517 2795
518 3005
518 2945
518 2832
518 2937
518 2932
518 2916
519 3005
519 2932
519 2851
519 2988
519 2945
519 2884
519 2833
520 2832
521 2832
521 2916
521 2988
522 3005
522 2812
522 2833
522 2816
522 2994
522 2808
522 2918
523 2832
524 3000
525 2957
525 2942
525 3000
526 2932
526 2896
526 3005
526 2818
526 2916
526 2988
526 2937
526 2833
526 2871
527 3005
527 2932
528 2988
529 3005
529 2932
529 2916
530 3000
530 3005
531 3005
531 2832
531 2932
532 2932
533 3005
534 3005
534 2833
534 2816
534 2932
534 2988
534 2832
534 2945
534 2930
535 2981
536 2988
536 3005
536 2832
536 2851
537 2896
537 2932
537 2818
537 2945
537 2988
537 2803
537 2858
537 2982
537 2957
538 2832
538 2945
538 2919
538 2932
538 3005
538 2912
538 2916
538 2937
539 2917
540 2945
540 3005
540 2833
540 2816
540 2932
540 2832
541 2988
541 2932
541 3005
541 2930
541 2918
542 2988
542 2851
543 2981
544 2988
544 2932
545 2832
545 3005
546 2988
546 2832
547 3005
547 2832
547 2945
547 2988
547 2916
547 2932
547 2942
547 3000
547 2863
548 2832
549 2829
549 2805
549 2819
549 2822
549 2914
550 2988
550 2932
551 2832
551 3005
551 2853
552 3005
552 2932
553 2988
553 3005
553 2851
553 2945
553 2916
553 2918
553 2930
553 2912
554 3005
555 2988
556 2861
556 2875
557 2945
557 3005
558 3005
558 2832
558 2833
558 2816
558 2932
558 2988
558 2851
558 2919
558 2912
558 2916
559 3005
560 3005
560 2988
560 2945
560 2930
560 2896
560 2912
561 2932
561 3005
561 2988
562 2932
562 2896
562 2818
562 3005
563 2800
563 2937
564 2896
564 2851
564 3005
565 2932
565 2832
565 3005
565 2833
565 2816
565 2846
565 2918
565 2896
565 2945
565 2988
566 2832
567 3005
567 2833
568 3005
568 2816
568 2832
568 2932
568 2937
568 2896
568 2916
568 2851
568 2988
569 3005
569 2932
569 2945
570 2813
570 2982
571 3005
572 2981
573 3005
573 2988
574 3005
574 2988
574 2945
574 2916
574 2832
575 2927
576 2813
576 2968
576 2908
576 2876
576 2974
576 2922
576 2926
576 2858
577 2855
577 3007
577 2895
578 2957
578 2932
578 2945
578 2851
578 2988
578 2937
578 3005
578 2832
579 2851
579 2988
579 2932
579 2945
579 3005
579 2912
579 2916
579 2919
579 2832
579 2937
580 2978
580 2992
580 2957
581 2945
581 2832
581 2932
581 2851
581 2988
581 2937
582 3005
582 2833
582 2816
582 2851
582 2988
582 2945
582 2832
582 2916
582 2961
582 2911
582 2808
583 2988
583 2945
583 3005
584 3005
584 2832
585 2988
585 2808
585 2961
585 2911
585 2918
585 2943
586 2832
586 3005
587 2988
588 2832
588 2945
589 2932
589 2832
589 2988
589 3005
589 2945
589 2912
589 2851
589 2801
589 2821
589 2937
589 2896
589 2818
590 3005
590 2833
590 2816
590 2832
591 2896
591 2932
591 3005
591 2833
591 2916
591 2851
591 2988
591 2945
591 2832
591 2961
591 2911
591 2808
592 2945
592 2988
592 2832
592 2937
592 3005
593 2988
593 2851
594 2932
595 2832
596 3005
596 2833
596 2816
596 2992
597 2832
598 2916
598 3005
598 2912
598 2932
598 2945
598 2851
598 2988
598 2832
598 2937
599 2988
599 3005
600 2988
601 2832
602 3005
603 2832
604 2997
604 2958
605 3005
606 3005
606 2945
607 3005
607 2832
607 3000
607 2801
607 2932
607 2945
607 2937
607 2851
608 2901
609 2981
610 2931
611 2932
611 2916
611 2851
611 2988
611 2945
611 2832
611 2937
611 3005
611 2833
611 2816
611 2812
612 3005
612 2945
613 2961
614 2898
614 2957
614 2932
615 3005
615 2932
615 2832
615 2833
615 2816
615 2988
615 2937
616 2945
616 3005
616 2988
616 2932
617 2988
617 2851
617 2911
617 2930
618 3005
618 2833
618 2816
619 3005
619 2833
619 2816
619 2945
619 2988
619 2916
619 2932
619 2919
619 2851
619 2930
619 2937
620 3005
620 2937
620 2804
621 3005
622 2988
622 2945
622 2851
622 3005
623 2849
624 2932
625 2851
625 2945
625 2916
625 2988
625 3005
626 2832
627 3005
627 2833
627 2816
627 2832
628 3005
628 2833
629 2832
630 2988
630 2945
630 2930
631 2832
631 2988
632 2832
632 2932
632 2937
633 2851
633 2988
633 2896
633 2932
633 3005
633 2945
633 2918
634 2832
634 2945
634 2988
634 2912
635 2947
635 2857
636 2945
636 3005
636 2932
636 2988
636 2919
636 2851
636 2832
636 2898
636 2896
636 2818
637 3005
637 2833
637 2896
637 2916
637 2945
638 2832
638 3005
639 2932
639 3005
640 2832
640 3005
641 2832
642 2832
642 2945
642 2912
642 2988
643 2988
644 3005
644 2932
644 2833
644 2816
644 2961
644 2896
644 2818
644 2945
644 2851
644 2988
645 2958
646 2832
647 2951
647 3007
648 2981
649 2981
650 2988
651 2917
652 2851
652 3005
652 2930
652 2945
652 2988
652 2832
653 2916
653 2851
653 2861
653 2957
653 3005
654 3005
654 2851
655 2981
656 3005
657 2832
657 2945
657 2932
657 3005
658 3005
658 2932
659 2896
659 2818
659 3005
660 3007
660 2924
661 3005
661 2833
661 2816
661 2851
661 2832
661 2988
661 2945
661 2916
661 2961
661 2911
661 2808
662 3005
662 2816
662 2932
662 2916
663 2937
663 3005
663 2912
663 2916
663 2988
663 2832
664 2832
664 3005
664 2833
664 2816
665 3005
665 2945
665 2896
665 2932
665 2988
665 2832
665 2851
666 2945
666 3005
666 2833
667 3005
667 2832
668 2916
668 2912
668 2945
669 2989
669 2911
670 3005
670 2833
670 2816
671 3005
672 3005
672 2851
672 2999
672 2988
673 3005
673 2988
674 2909
675 3005
676 2981
677 2932
677 3005
678 2981
678 3005
678 2957
678 2832
678 2905
679 2982
680 3005
680 2832
680 2988
681 2937
681 2912
681 2916
681 3005
682 3005
682 2833
682 2816
682 2932
682 2896
682 2916
682 2912
682 2851
682 2988
682 2832
683 2937
683 2932
683 2912
683 2916
683 2988
683 2832
683 3005
684 3005
684 2833
684 2932
684 2896
684 2832
684 2851
684 2818
684 2961
685 3005
685 2937
686 3000
686 2942
686 2937
686 2945
686 2851
686 3005
686 2812
686 2833
686 2816
687 2832
687 3005
688 3005
688 2833
688 2816
688 2932
688 2912
688 2916
688 2945
688 2851
688 2988
688 2832
689 2945
689 3005
690 3005
690 2833
691 2988
691 3005
692 2817
692 3005
692 2821
693 2996
694 2957
694 3005
695 2932
695 3005
696 2951
697 2821
697 2911
698 3005
698 2833
698 2816
698 2832
698 2932
699 2945
699 2832
699 2932
699 2988
699 2937
699 3005
700 3005
700 2833
700 2816
701 2832
701 2937
701 2932
702 3005
702 2832
702 2988
702 2945
702 2851
702 2916
702 2937
702 2833
703 2832
703 2981
704 3005
704 2833
704 2816
705 2968
705 2942
706 2998
707 2988
707 2945
707 2932
707 2851
707 2961
707 2808
707 2930
707 3005
707 2896
707 2916
707 2919
707 2937
708 2861
709 2930
709 2988
709 3005
709 2918
709 2916
709 2945
709 2851
710 2816
710 2916
710 2851
710 2988
710 3005
710 2833
710 2912
710 2919
710 2896
710 2871
711 3005
712 2832
713 2832
713 3005
713 2851
713 2988
713 2816
714 2843
715 2832
715 2932
715 2945
715 2988
716 2932
717 2902
717 2834
718 3005
719 2961
720 2832
721 2832
721 3005
722 2833
723 3005
723 2832
723 2932
724 2832
724 3005
724 2932
724 2988
724 2851
725 2832
726 2875
726 2861
726 2959
726 2929
726 2810
726 3004
726 2827
726 2976
726 2935
727 2945
728 3005
729 3005
729 2825
729 2832
729 2851
729 2932
729 2945
729 2988
730 2988
730 3005
731 3005
731 2851
731 2932
731 2988
731 2945
731 2916
731 2833
731 2816
731 2808
732 2832
732 3005
732 2833
732 2816
732 2808
732 2943
733 3005
734 2903
735 2851
735 2932
735 2961
735 2911
736 2945
736 2988
736 2849
736 2918
736 2961
736 2808
737 3005
737 2833
737 2916
738 2832
738 3005
738 2988
738 2945
738 2916
739 3005
739 2816
740 3005
740 2832
741 3005
741 2945
741 2918
741 2808
741 2911
741 2833
742 2883
742 2906
742 2865
743 3005
743 2832
743 2932
743 2988
743 2851
744 2957
744 2932
745 3005
746 2835
746 3005
746 2808
747 2832
748 2988
749 2968
750 2916
750 2988
750 3005
750 2930
750 2851
751 2945
751 2975
751 2851
751 2988
752 2918
752 2808
752 2832
752 2988
752 2945
753 2968
754 2835
755 2832
755 2970
756 2932
757 2932
758 2832
758 2945
758 3005
758 2988
759 3005
759 2832
760 2988
761 3005
761 2988
762 2988
763 2982
763 2932
764 3005
765 2937
765 2872
765 3006
766 3005
767 3005
767 2988
768 3005
769 2981
770 3000
771 2909
771 2932
771 2916
771 3005
772 3005
772 2833
772 2816
772 2932
773 3005
773 2932
774 2898
774 2832
775 2988
776 2927
777 3005
777 2833
777 2816
777 2812
778 3005
778 2932
779 2937
779 2912
780 2995
781 2832
781 3005
781 2988
782 3005
782 2988
782 2945
782 2832
783 3005
783 2833
784 2859
784 2918
784 2932
784 2832
785 2981
786 2896
786 2932
787 3005
787 2833
787 2816
788 2964
788 2849
788 2928
788 2951
788 2988
789 2861
790 2954
791 2851
791 2978
792 3005
793 2851
793 3005
793 2916
793 2898
793 2932
793 2832
793 2978
793 2957
793 2912
793 2945
793 2988
793 2937
793 2816
794 3005
794 2896
795 2945
795 2937
796 2981
797 2832
798 2981
799 2988
799 2832
799 2937
799 2945
799 2932
799 3005
799 2981
800 2932
800 3005
800 2832
801 2817
801 2794
801 2835
801 3005
801 2820
802 3005
802 2916
802 2851
802 2988
802 2945
803 3005
803 2896
803 2932
804 2981
804 2987
805 2851
805 3005
805 2833
805 2816
805 2988
805 2957
805 2818
806 2932
806 3005
806 2833
806 2816
807 2796
808 2945
808 3005
809 3005
809 2945
809 2833
809 2816
809 2832
809 2916
809 2851
809 2957
809 2932
809 2919
809 2988
810 3005
811 2937
811 2848
812 2830
812 2866
813 2851
814 2988
814 2851
814 2932
815 2968
815 2832
816 2982
816 2875
816 2871
816 2917
816 2900
816 2988
816 2916
816 2981
816 2824
816 2799
816 2950
816 2899
816 2965
816 2798
816 2850
817 2932
818 2912
818 2937
818 2985
818 2916
818 2896
818 2932
818 2945
818 2851
818 2988
818 2832
818 3005
818 3000
818 2942
819 3005
819 2833
819 2816
819 2932
819 2912
819 2851
819 2832
819 2937
819 2896
819 2916
819 2988
820 3005
820 2833
820 2896
820 2832
820 2932
820 2851
820 2988
820 2945
820 2937
820 2816
821 3005
822 3005
822 2833
823 2932
823 2945
823 3005
824 2982
825 2809
825 2993
825 2832
825 2937
825 3005
825 2864
826 2945
826 2988
826 3005
826 2833
826 2816
826 2862
826 2896
826 2932
826 2818
826 2912
826 2851
826 2832
827 3005
827 2919
827 2832
828 2896
829 3005
830 2832
830 3005
830 2916
831 2964
831 2988
832 3005
832 2833
832 2816
832 2832
832 2988
832 2851
833 3005
833 2833
833 2816
833 2932
833 2832
834 2981
835 2975
836 3005
836 2861
836 2945
837 2832
837 3005
837 2833
837 2816
838 2932
839 2932
839 2988
839 2945
840 2945
840 2988
840 3005
840 2896
840 2932
840 2818
840 2919
840 2851
840 2832
840 2871
841 3005
841 2832
841 2981
2794 385
2794 801
2795 517
2796 88
2796 56
2796 43
2796 807
2797 276
2797 46
2797 450
2797 322
2798 816
2798 297
2798 55
2799 816
2800 563
2801 607
2801 428
2801 589
2801 197
2801 155
2801 302
2801 414
2801 260
2802 201
2803 537
2804 90
2804 620
2804 252
2804 466
2804 107
2805 549
2806 46
2807 323
2808 741
2808 661
2808 731
2808 746
2808 732
2808 113
2808 707
2808 18
2808 300
2808 81
2808 195
2808 188
2808 585
2808 591
2808 296
2808 736
2808 117
2808 338
2808 392
2808 83
2808 185
2808 315
2808 280
2808 522
2808 408
2808 169
2808 582
2808 281
2808 752
2808 374
2808 84
2809 825
2809 247
2810 104
2810 726
2811 99
2812 777
2812 13
2812 429
2812 611
2812 363
2812 522
2812 310
2812 686
2812 146
2812 193
2813 576
2813 570
2814 99
2815 99
2816 700
2816 39
2816 682
2816 139
2816 285
2816 387
2816 661
2816 270
2816 590
2816 62
2816 731
2816 63
2816 189
2816 540
2816 428
2816 806
2816 688
2816 355
2816 793
2816 832
2816 732
2816 777
2816 42
2816 13
2816 237
2816 713
2816 619
2816 244
2816 267
2816 435
2816 596
2816 662
2816 644
2816 429
2816 383
2816 298
2816 492
2816 386
2816 704
2816 420
2816 565
2816 44
2816 483
2816 534
2816 177
2816 109
2816 201
2816 472
2816 342
2816 558
2816 338
2816 809
2816 15
2816 611
2816 698
2816 412
2816 103
2816 819
2816 772
2816 670
2816 329
2816 31
2816 615
2816 522
2816 664
2816 310
2816 805
2816 686
2816 393
2816 36
2816 410
2816 739
2816 826
2816 51
2816 224
2816 138
2816 568
2816 820
2816 146
2816 837
2816 495
2816 114
2816 582
2816 787
2816 95
2816 463
2816 414
2816 627
2816 193
2816 134
2816 710
2816 505
2816 391
2816 618
2816 212
2816 833
2816 236
2817 385
2817 199
2817 415
2817 801
2817 692
2818 512
2818 659
2818 451
2818 62
2818 589
2818 197
2818 234
2818 13
2818 267
2818 297
2818 684
2818 644
2818 526
2818 423
2818 201
2818 840
2818 537
2818 367
2818 636
2818 805
2818 393
2818 826
2818 106
2818 562
2818 414
2818 193
2818 203
2819 549
2820 465
2820 801
2821 384
2821 589
2821 18
2821 252
2821 21
2821 697
2821 15
2821 692
2821 227
2821 374
2822 549
2823 99
2824 816
2824 246
2825 729
2825 90
2826 99
2827 104
2827 726
2828 99
2829 549
2830 812
2831 345
2832 729
2832 548
2832 90
2832 98
2832 251
2832 607
2832 445
2832 80
2832 39
2832 400
2832 682
2832 512
2832 93
2832 379
2832 257
2832 579
2832 601
2832 642
2832 285
2832 384
2832 387
2832 508
2832 661
2832 8
2832 182
2832 304
2832 89
2832 418
2832 292
2832 240
2832 45
2832 238
2832 287
2832 122
2832 270
2832 478
2832 590
2832 62
2832 641
2832 362
2832 168
2832 646
2832 87
2832 536
2832 551
2832 313
2832 189
2832 253
2832 381
2832 465
2832 124
2832 540
2832 428
2832 723
2832 115
2832 688
2832 518
2832 157
2832 799
2832 657
2832 64
2832 793
2832 589
2832 832
2832 732
2832 800
2832 42
2832 325
2832 38
2832 538
2832 497
2832 13
2832 545
2832 96
2832 279
2832 712
2832 20
2832 237
2832 713
2832 244
2832 191
2832 118
2832 680
2832 435
2832 781
2832 450
2832 715
2832 192
2832 262
2832 297
2832 584
2832 263
2832 500
2832 158
2832 18
2832 797
2832 784
2832 198
2832 328
2832 684
2832 100
2832 383
2832 439
2832 298
2832 759
2832 446
2832 825
2832 631
2832 142
2832 498
2832 632
2832 591
2832 420
2832 634
2832 288
2832 405
2832 774
2832 179
2832 565
2832 663
2832 184
2832 137
2832 214
2832 511
2832 457
2832 603
2832 202
2832 546
2832 483
2832 534
2832 177
2832 640
2832 164
2832 466
2832 109
2832 201
2832 595
2832 840
2832 472
2832 815
2832 22
2832 740
2832 558
2832 721
2832 102
2832 301
2832 28
2832 338
2832 274
2832 678
2832 747
2832 343
2832 207
2832 809
2832 271
2832 592
2832 442
2832 701
2832 683
2832 231
2832 755
2832 523
2832 71
2832 76
2832 239
2832 494
2832 309
2832 316
2832 611
2832 698
2832 597
2832 841
2832 743
2832 23
2832 83
2832 232
2832 412
2832 566
2832 103
2832 363
2832 371
2832 702
2832 16
2832 245
2832 818
2832 819
2832 128
2832 213
2832 302
2832 636
2832 615
2832 574
2832 720
2832 413
2832 664
2832 310
2832 321
2832 506
2832 250
2832 194
2832 133
2832 404
2832 162
2832 223
2832 339
2832 59
2832 243
2832 410
2832 33
2832 652
2832 74
2832 105
2832 479
2832 493
2832 703
2832 461
2832 826
2832 699
2832 373
2832 521
2832 724
2832 106
2832 51
2832 224
2832 172
2832 317
2832 333
2832 138
2832 568
2832 820
2832 665
2832 499
2832 19
2832 626
2832 837
2832 375
2832 490
2832 120
2832 531
2832 11
2832 782
2832 598
2832 303
2832 547
2832 114
2832 582
2832 95
2832 211
2832 414
2832 586
2832 752
2832 627
2832 180
2832 432
2832 203
2832 581
2832 97
2832 126
2832 421
2832 588
2832 578
2832 687
2832 27
2832 830
2832 68
2832 134
2832 758
2832 467
2832 629
2832 444
2832 12
2832 273
2832 738
2832 391
2832 520
2832 827
2832 306
2832 667
2832 434
2832 638
2832 7
2832 833
2832 236
2832 401
2832 725
2833 700
2833 741
2833 39
2833 400
2833 682
2833 519
2833 139
2833 690
2833 285
2833 258
2833 387
2833 661
2833 150
2833 8
2833 205
2833 270
2833 590
2833 327
2833 62
2833 731
2833 63
2833 313
2833 189
2833 540
2833 428
2833 806
2833 688
2833 355
2833 64
2833 356
2833 832
2833 732
2833 777
2833 737
2833 42
2833 197
2833 234
2833 13
2833 237
2833 619
2833 244
2833 118
2833 267
2833 435
2833 783
2833 198
2833 596
2833 684
2833 644
2833 526
2833 429
2833 246
2833 298
2833 492
2833 386
2833 498
2833 423
2833 704
2833 591
2833 420
2833 405
2833 179
2833 565
2833 44
2833 358
2833 202
2833 483
2833 534
2833 109
2833 822
2833 201
2833 165
2833 472
2833 342
2833 558
2833 117
2833 338
2833 809
2833 15
2833 611
2833 698
2833 503
2833 185
2833 412
2833 103
2833 702
2833 819
2833 269
2833 772
2833 670
2833 329
2833 31
2833 213
2833 615
2833 522
2833 666
2833 413
2833 664
2833 310
2833 805
2833 567
2833 686
2833 393
2833 36
2833 410
2833 479
2833 493
2833 826
2833 224
2833 138
2833 94
2833 820
2833 499
2833 722
2833 146
2833 837
2833 409
2833 637
2833 10
2833 495
2833 121
2833 114
2833 582
2833 787
2833 95
2833 200
2833 463
2833 414
2833 627
2833 208
2833 193
2833 307
2833 134
2833 710
2833 505
2833 116
2833 374
2833 628
2833 391
2833 618
2833 434
2833 212
2833 833
2833 236
2834 88
2834 717
2835 746
2835 465
2835 754
2835 801
2836 99
2837 297
2838 411
2839 107
2840 46
2841 477
2842 99
2843 714
2844 2
2845 99
2846 297
2846 565
2846 289
2846 432
2847 310
2848 811
2849 788
2849 124
2849 356
2849 113
2849 736
2849 185
2849 67
2849 29
2849 414
2849 623
2850 88
2850 816
2851 729
2851 90
2851 433
2851 607
2851 39
2851 400
2851 682
2851 512
2851 579
2851 519
2851 661
2851 8
2851 564
2851 130
2851 287
2851 270
2851 478
2851 327
2851 62
2851 617
2851 731
2851 362
2851 536
2851 63
2851 313
2851 465
2851 428
2851 688
2851 356
2851 793
2851 589
2851 832
2851 259
2851 37
2851 42
2851 176
2851 13
2851 237
2851 713
2851 619
2851 707
2851 504
2851 244
2851 435
2851 735
2851 18
2851 198
2851 684
2851 644
2851 233
2851 425
2851 246
2851 298
2851 509
2851 323
2851 591
2851 625
2851 111
2851 44
2851 296
2851 164
2851 466
2851 750
2851 709
2851 201
2851 402
2851 840
2851 165
2851 22
2851 149
2851 558
2851 813
2851 102
2851 301
2851 117
2851 338
2851 802
2851 672
2851 542
2851 382
2851 809
2851 204
2851 611
2851 743
2851 174
2851 282
2851 83
2851 185
2851 26
2851 280
2851 702
2851 818
2851 819
2851 128
2851 751
2851 235
2851 181
2851 636
2851 413
2851 805
2851 516
2851 250
2851 194
2851 162
2851 223
2851 686
2851 393
2851 372
2851 36
2851 652
2851 593
2851 408
2851 479
2851 493
2851 395
2851 622
2851 826
2851 724
2851 106
2851 51
2851 333
2851 568
2851 820
2851 665
2851 653
2851 514
2851 175
2851 146
2851 218
2851 120
2851 495
2851 814
2851 598
2851 29
2851 553
2851 582
2851 654
2851 95
2851 791
2851 107
2851 462
2851 414
2851 311
2851 220
2851 180
2851 394
2851 193
2851 203
2851 581
2851 421
2851 578
2851 206
2851 633
2851 148
2851 710
2851 505
2851 58
2851 225
2851 374
2851 391
2851 163
2851 434
2851 226
2851 7
2851 84
2851 324
2852 99
2853 551
2853 428
2853 28
2853 414
2853 260
2854 46
2855 456
2855 577
2855 203
2856 99
2857 635
2858 576
2858 537
2859 504
2859 66
2859 450
2859 784
2859 460
2859 135
2860 113
2861 556
2861 789
2861 708
2861 360
2861 70
2861 43
2861 161
2861 726
2861 653
2861 212
2861 836
2862 13
2862 71
2862 826
2863 453
2863 498
2863 103
2863 547
2864 825
2865 507
2865 742
2866 812
2867 99
2868 90
2868 185
2868 315
2868 106
2868 374
2869 297
2870 488
2870 83
2870 185
2870 106
2870 374
2871 816
2871 123
2871 13
2871 526
2871 104
2871 840
2871 393
2871 146
2871 710
2872 765
2872 161
2873 90
2873 414
2874 47
2874 84
2875 556
2875 88
2875 87
2875 816
2875 234
2875 241
2875 297
2875 470
2875 70
2875 43
2875 726
2875 411
2875 227
2876 576
2877 99
2878 90
2878 81
2878 117
2878 185
2878 414
2878 374
2879 190
2879 46
2880 338
2881 55
2882 323
2883 742
2884 519
2884 387
2884 465
2884 247
2884 22
2884 319
2884 218
2884 409
2885 190
2886 323
2887 46
2888 297
2889 99
2890 477
2891 99
2892 477
2893 477
2894 477
2895 577
2896 90
2896 803
2896 39
2896 682
2896 512
2896 659
2896 8
2896 564
2896 62
2896 87
2896 313
2896 381
2896 465
2896 115
2896 349
2896 330
2896 123
2896 294
2896 64
2896 589
2896 403
2896 197
2896 234
2896 13
2896 279
2896 707
2896 458
2896 560
2896 684
2896 644
2896 526
2896 104
2896 142
2896 423
2896 591
2896 420
2896 405
2896 179
2896 565
2896 828
2896 109
2896 201
2896 840
2896 28
2896 794
2896 537
2896 70
2896 818
2896 819
2896 474
2896 31
2896 636
2896 77
2896 162
2896 393
2896 35
2896 826
2896 106
2896 224
2896 431
2896 568
2896 820
2896 665
2896 562
2896 353
2896 218
2896 637
2896 114
2896 447
2896 786
2896 414
2896 193
2896 307
2896 203
2896 421
2896 633
2896 422
2896 710
2896 125
2896 226
2897 477
2898 465
2898 294
2898 793
2898 13
2898 340
2898 25
2898 614
2898 774
2898 201
2898 636
2898 180
2898 193
2899 816
2899 46
2899 55
2900 816
2900 466
2901 608
2902 88
2902 123
2902 230
2902 717
2902 55
2903 734
2904 209
2905 678
2906 742
2907 471
2907 382
2907 161
2907 332
2908 576
2909 674
2909 771
2909 167
2910 477
2911 741
2911 661
2911 617
2911 399
2911 735
2911 18
2911 81
2911 195
2911 252
2911 188
2911 585
2911 591
2911 296
2911 164
2911 697
2911 117
2911 338
2911 392
2911 83
2911 669
2911 408
2911 582
2911 374
2912 90
2912 39
2912 682
2912 82
2912 379
2912 579
2912 642
2912 8
2912 270
2912 478
2912 381
2912 115
2912 688
2912 123
2912 294
2912 793
2912 589
2912 538
2912 13
2912 96
2912 504
2912 560
2912 500
2912 252
2912 142
2912 188
2912 323
2912 256
2912 779
2912 634
2912 663
2912 466
2912 201
2912 308
2912 558
2912 28
2912 668
2912 70
2912 442
2912 683
2912 473
2912 309
2912 282
2912 818
2912 819
2912 235
2912 31
2912 290
2912 393
2912 5
2912 129
2912 826
2912 106
2912 146
2912 120
2912 598
2912 553
2912 681
2912 414
2912 68
2912 710
2912 374
2912 434
2912 84
2913 63
2914 549
2915 185
2915 315
2916 400
2916 682
2916 579
2916 258
2916 661
2916 8
2916 275
2916 217
2916 287
2916 478
2916 731
2916 362
2916 465
2916 115
2916 688
2916 816
2916 518
2916 123
2916 356
2916 378
2916 793
2916 259
2916 37
2916 737
2916 538
2916 13
2916 237
2916 619
2916 707
2916 191
2916 435
2916 297
2916 18
2916 198
2916 328
2916 662
2916 526
2916 104
2916 383
2916 142
2916 188
2916 498
2916 591
2916 420
2916 625
2916 663
2916 177
2916 2
2916 109
2916 750
2916 709
2916 201
2916 558
2916 102
2916 28
2916 802
2916 668
2916 809
2916 442
2916 683
2916 187
2916 228
2916 239
2916 494
2916 309
2916 15
2916 611
2916 503
2916 702
2916 818
2916 819
2916 128
2916 771
2916 119
2916 496
2916 574
2916 250
2916 404
2916 475
2916 223
2916 339
2916 393
2916 36
2916 178
2916 395
2916 521
2916 106
2916 368
2916 568
2916 653
2916 514
2916 146
2916 637
2916 529
2916 598
2916 553
2916 547
2916 681
2916 582
2916 95
2916 462
2916 414
2916 220
2916 193
2916 421
2916 830
2916 710
2916 374
2916 738
2916 391
2916 434
2917 651
2917 295
2917 276
2917 816
2917 143
2917 136
2917 57
2917 246
2917 296
2917 539
2917 141
2917 79
2917 307
2917 438
2918 90
2918 741
2918 270
2918 144
2918 113
2918 18
2918 784
2918 81
2918 252
2918 585
2918 565
2918 214
2918 296
2918 736
2918 709
2918 48
2918 185
2918 315
2918 412
2918 522
2918 106
2918 514
2918 553
2918 95
2918 107
2918 752
2918 633
2918 374
2918 541
2919 579
2919 270
2919 378
2919 538
2919 619
2919 707
2919 191
2919 359
2919 177
2919 840
2919 558
2919 809
2919 636
2919 223
2919 393
2919 36
2919 106
2919 206
2919 710
2919 374
2919 391
2919 827
2919 226
2920 161
2921 297
2922 576
2923 209
2924 660
2925 477
2926 576
2927 776
2927 575
2928 788
2928 323
2929 297
2929 104
2929 726
2930 617
2930 87
2930 630
2930 136
2930 619
2930 707
2930 191
2930 560
2930 500
2930 233
2930 246
2930 229
2930 214
2930 296
2930 534
2930 164
2930 750
2930 709
2930 282
2930 412
2930 213
2930 652
2930 120
2930 553
2930 107
2930 180
2930 307
2930 374
2930 7
2930 541
2930 236
2930 324
2931 276
2931 73
2931 610
2931 477
2932 729
2932 85
2932 90
2932 515
2932 803
2932 532
2932 607
2932 448
2932 569
2932 108
2932 39
2932 400
2932 682
2932 336
2932 69
2932 579
2932 519
2932 817
2932 139
2932 258
2932 384
2932 716
2932 150
2932 8
2932 89
2932 45
2932 40
2932 778
2932 122
2932 270
2932 478
2932 62
2932 276
2932 731
2932 744
2932 757
2932 87
2932 253
2932 381
2932 540
2932 428
2932 723
2932 115
2932 806
2932 688
2932 518
2932 355
2932 349
2932 799
2932 330
2932 294
2932 657
2932 64
2932 356
2932 793
2932 589
2932 37
2932 800
2932 403
2932 197
2932 234
2932 538
2932 497
2932 96
2932 279
2932 619
2932 707
2932 614
2932 191
2932 118
2932 435
2932 450
2932 715
2932 262
2932 263
2932 735
2932 18
2932 430
2932 784
2932 61
2932 131
2932 684
2932 662
2932 644
2932 526
2932 561
2932 104
2932 246
2932 439
2932 142
2932 188
2932 323
2932 498
2932 632
2932 423
2932 591
2932 420
2932 278
2932 111
2932 344
2932 565
2932 452
2932 229
2932 527
2932 483
2932 534
2932 177
2932 639
2932 164
2932 466
2932 201
2932 840
2932 550
2932 677
2932 558
2932 839
2932 166
2932 28
2932 117
2932 48
2932 274
2932 264
2932 537
2932 70
2932 544
2932 809
2932 442
2932 701
2932 683
2932 239
2932 494
2932 309
2932 611
2932 698
2932 743
2932 23
2932 503
2932 763
2932 280
2932 103
2932 818
2932 819
2932 235
2932 772
2932 771
2932 474
2932 489
2932 31
2932 213
2932 513
2932 249
2932 302
2932 636
2932 615
2932 496
2932 552
2932 86
2932 310
2932 506
2932 616
2932 250
2932 194
2932 594
2932 756
2932 223
2932 393
2932 243
2932 160
2932 424
2932 410
2932 105
2932 695
2932 395
2932 826
2932 699
2932 373
2932 724
2932 106
2932 224
2932 568
2932 820
2932 665
2932 823
2932 499
2932 838
2932 562
2932 773
2932 146
2932 353
2932 369
2932 490
2932 120
2932 531
2932 529
2932 11
2932 814
2932 598
2932 547
2932 95
2932 211
2932 447
2932 786
2932 414
2932 180
2932 307
2932 441
2932 203
2932 581
2932 97
2932 421
2932 578
2932 348
2932 127
2932 633
2932 422
2932 68
2932 624
2932 227
2932 658
2932 374
2932 273
2932 391
2932 226
2932 7
2932 541
2932 833
2932 183
2932 236
2932 401
2933 299
2934 75
2935 104
2935 726
2936 297
2937 90
2937 811
2937 607
2937 448
2937 108
2937 400
2937 579
2937 8
2937 284
2937 40
2937 287
2937 478
2937 62
2937 276
2937 362
2937 87
2937 253
2937 381
2937 428
2937 518
2937 799
2937 123
2937 294
2937 620
2937 793
2937 589
2937 259
2937 403
2937 501
2937 538
2937 13
2937 96
2937 279
2937 237
2937 619
2937 707
2937 504
2937 118
2937 388
2937 526
2937 104
2937 17
2937 429
2937 246
2937 439
2937 366
2937 825
2937 188
2937 632
2937 256
2937 420
2937 765
2937 779
2937 795
2937 563
2937 663
2937 229
2937 483
2937 177
2937 2
2937 466
2937 101
2937 109
2937 70
2937 170
2937 592
2937 442
2937 701
2937 683
2937 473
2937 239
2937 309
2937 15
2937 611
2937 367
2937 702
2937 245
2937 818
2937 819
2937 235
2937 685
2937 213
2937 615
2937 496
2937 516
2937 686
2937 393
2937 5
2937 410
2937 699
2937 106
2937 568
2937 820
2937 146
2937 67
2937 598
2937 681
2937 114
2937 447
2937 414
2937 307
2937 441
2937 203
2937 426
2937 581
2937 421
2937 578
2937 68
2937 58
2937 468
2937 7
2937 324
2937 401
2938 90
2939 161
2940 55
2941 99
2942 705
2942 450
2942 486
2942 23
2942 525
2942 818
2942 686
2942 243
2942 547
2943 144
2943 732
2943 585
2943 296
2943 83
2944 90
2945 729
2945 85
2945 433
2945 808
2945 607
2945 741
2945 569
2945 39
2945 400
2945 579
2945 519
2945 139
2945 642
2945 258
2945 508
2945 661
2945 150
2945 8
2945 182
2945 418
2945 284
2945 45
2945 217
2945 40
2945 287
2945 122
2945 270
2945 731
2945 362
2945 151
2945 63
2945 630
2945 465
2945 540
2945 428
2945 688
2945 518
2945 355
2945 799
2945 657
2945 356
2945 378
2945 793
2945 589
2945 42
2945 538
2945 497
2945 13
2945 96
2945 557
2945 237
2945 619
2945 707
2945 244
2945 191
2945 450
2945 715
2945 192
2945 262
2945 560
2945 500
2945 18
2945 198
2945 100
2945 436
2945 272
2945 644
2945 104
2945 485
2945 359
2945 439
2945 396
2945 366
2945 188
2945 498
2945 423
2945 591
2945 420
2945 634
2945 625
2945 405
2945 111
2945 476
2945 795
2945 583
2945 502
2945 565
2945 229
2945 358
2945 296
2945 534
2945 177
2945 736
2945 466
2945 709
2945 201
2945 840
2945 165
2945 22
2945 839
2945 301
2945 28
2945 117
2945 338
2945 802
2945 48
2945 376
2945 537
2945 668
2945 170
2945 809
2945 592
2945 442
2945 727
2945 187
2945 76
2945 309
2945 611
2945 23
2945 503
2945 232
2945 702
2945 818
2945 751
2945 235
2945 329
2945 213
2945 302
2945 636
2945 574
2945 666
2945 310
2945 616
2945 290
2945 223
2945 339
2945 686
2945 393
2945 36
2945 410
2945 652
2945 105
2945 390
2945 178
2945 606
2945 395
2945 622
2945 826
2945 699
2945 373
2945 106
2945 224
2945 368
2945 138
2945 820
2945 665
2945 823
2945 499
2945 514
2945 146
2945 637
2945 120
2945 10
2945 782
2945 598
2945 553
2945 547
2945 114
2945 582
2945 347
2945 95
2945 211
2945 414
2945 752
2945 152
2945 220
2945 208
2945 180
2945 193
2945 307
2945 581
2945 421
2945 588
2945 578
2945 612
2945 206
2945 27
2945 689
2945 633
2945 68
2945 58
2945 758
2945 374
2945 738
2945 391
2945 163
2945 434
2945 226
2945 7
2945 84
2945 236
2945 836
2945 401
2946 297
2947 635
2948 323
2948 161
2949 55
2950 816
2951 696
2951 788
2951 209
2951 647
2952 63
2953 513
2954 790
2955 334
2955 201
2955 125
2956 55
2957 69
2957 92
2957 284
2957 744
2957 294
2957 793
2957 325
2957 694
2957 13
2957 504
2957 614
2957 326
2957 580
2957 159
2957 308
2957 342
2957 9
2957 678
2957 537
2957 809
2957 228
2957 309
2957 525
2957 389
2957 153
2957 805
2957 653
2957 414
2957 180
2957 193
2957 578
2958 335
2958 300
2958 645
2958 1
2958 604
2959 104
2959 726
2960 297
2961 90
2961 719
2961 661
2961 150
2961 707
2961 735
2961 18
2961 684
2961 644
2961 246
2961 195
2961 252
2961 188
2961 585
2961 591
2961 296
2961 34
2961 736
2961 117
2961 338
2961 83
2961 185
2961 315
2961 613
2961 280
2961 106
2961 514
2961 146
2961 582
2961 95
2961 281
2961 135
2962 323
2963 63
2964 788
2964 831
2964 323
2964 47
2965 816
2965 246
2965 55
2966 351
2967 297
2968 705
2968 749
2968 753
2968 576
2968 815
2969 99
2970 755
2970 299
2971 46
2972 106
2973 117
2974 576
2975 275
2975 234
2975 297
2975 383
2975 835
2975 751
2976 104
2976 726
2977 113
2977 185
2977 178
2978 428
2978 793
2978 580
2978 44
2978 201
2978 71
2978 473
2978 309
2978 36
2978 791
2979 104
2980 443
2981 215
2981 50
2981 491
2981 276
2981 186
2981 253
2981 419
2981 816
2981 799
2981 655
2981 417
2981 649
2981 676
2981 57
2981 535
2981 769
2981 804
2981 834
2981 678
2981 841
2981 543
2981 91
2981 798
2981 785
2981 609
2981 145
2981 703
2981 572
2981 52
2981 449
2981 796
2981 14
2981 438
2981 648
2981 455
2982 196
2982 277
2982 199
2982 276
2982 816
2982 824
2982 537
2982 763
2982 679
2982 322
2982 421
2982 570
2983 30
2984 456
2984 72
2985 818
2985 193
2986 161
2986 112
2987 804
2987 156
2988 729
2988 147
2988 85
2988 90
2988 433
2988 515
2988 448
2988 39
2988 400
2988 682
2988 512
2988 69
2988 579
2988 519
2988 139
2988 642
2988 258
2988 661
2988 140
2988 8
2988 573
2988 418
2988 45
2988 767
2988 217
2988 287
2988 270
2988 478
2988 761
2988 62
2988 617
2988 788
2988 731
2988 362
2988 87
2988 536
2988 221
2988 63
2988 630
2988 465
2988 428
2988 115
2988 688
2988 816
2988 799
2988 356
2988 793
2988 589
2988 832
2988 259
2988 37
2988 587
2988 42
2988 497
2988 13
2988 96
2988 237
2988 713
2988 619
2988 707
2988 760
2988 78
2988 504
2988 244
2988 191
2988 118
2988 643
2988 680
2988 781
2988 450
2988 691
2988 715
2988 262
2988 560
2988 500
2988 18
2988 198
2988 61
2988 762
2988 173
2988 644
2988 526
2988 561
2988 233
2988 104
2988 81
2988 439
2988 298
2988 509
2988 631
2988 831
2988 142
2988 188
2988 323
2988 498
2988 585
2988 591
2988 420
2988 634
2988 625
2988 405
2988 111
2988 476
2988 312
2988 599
2988 583
2988 502
2988 565
2988 663
2988 229
2988 184
2988 214
2988 296
2988 546
2988 534
2988 736
2988 164
2988 466
2988 750
2988 709
2988 201
2988 402
2988 840
2988 550
2988 558
2988 318
2988 839
2988 301
2988 406
2988 117
2988 338
2988 802
2988 48
2988 672
2988 542
2988 537
2988 382
2988 544
2988 809
2988 592
2988 442
2988 683
2988 204
2988 309
2988 611
2988 743
2988 23
2988 503
2988 282
2988 280
2988 412
2988 363
2988 702
2988 818
2988 819
2988 128
2988 751
2988 235
2988 213
2988 302
2988 181
2988 636
2988 615
2988 574
2988 748
2988 805
2988 616
2988 516
2988 459
2988 250
2988 223
2988 393
2988 372
2988 243
2988 730
2988 36
2988 652
2988 593
2988 408
2988 673
2988 178
2988 493
2988 395
2988 622
2988 826
2988 699
2988 373
2988 521
2988 724
2988 106
2988 51
2988 333
2988 368
2988 568
2988 820
2988 665
2988 514
2988 146
2988 120
2988 10
2988 782
2988 254
2988 814
2988 598
2988 553
2988 547
2988 114
2988 582
2988 347
2988 95
2988 211
2988 107
2988 462
2988 281
2988 414
2988 752
2988 220
2988 208
2988 528
2988 180
2988 193
2988 307
2988 203
2988 600
2988 581
2988 126
2988 421
2988 578
2988 206
2988 555
2988 27
2988 633
2988 68
2988 775
2988 710
2988 505
2988 58
2988 225
2988 758
2988 374
2988 650
2988 738
2988 391
2988 163
2988 434
2988 226
2988 314
2988 7
2988 84
2988 541
2988 236
2988 324
2988 401
2989 30
2989 669
2990 184
2990 94
2991 411
2992 596
2992 580
2992 44
2992 71
2992 473
2993 825
2994 90
2994 113
2994 18
2994 195
2994 54
2994 83
2994 522
2994 374
2995 15
2995 393
2995 780
2996 693
2997 604
2998 706
2998 99
2999 672
3000 607
3000 276
3000 450
3000 23
3000 525
3000 524
3000 818
3000 310
3000 686
3000 243
3000 160
3000 424
3000 317
3000 484
3000 369
3000 530
3000 547
3000 770
3000 193
3000 183
3001 46
3002 99
3003 46
3004 104
3004 726
3005 41
3005 729
3005 85
3005 90
3005 32
3005 808
3005 803
3005 24
3005 700
3005 6
3005 605
3005 171
3005 510
3005 607
3005 445
3005 448
3005 741
3005 569
3005 108
3005 39
3005 400
3005 682
3005 69
3005 579
3005 519
3005 766
3005 139
3005 690
3005 285
3005 258
3005 659
3005 384
3005 387
3005 508
3005 661
3005 440
3005 150
3005 255
3005 8
3005 275
3005 92
3005 573
3005 564
3005 418
3005 284
3005 240
3005 45
3005 767
3005 242
3005 238
3005 130
3005 718
3005 217
3005 40
3005 778
3005 287
3005 407
3005 122
3005 270
3005 478
3005 590
3005 327
3005 821
3005 761
3005 62
3005 415
3005 144
3005 276
3005 731
3005 362
3005 168
3005 87
3005 536
3005 265
3005 221
3005 551
3005 746
3005 63
3005 313
3005 189
3005 253
3005 381
3005 465
3005 124
3005 540
3005 428
3005 723
3005 806
3005 688
3005 518
3005 355
3005 157
3005 799
3005 364
3005 123
3005 294
3005 657
3005 620
3005 64
3005 356
3005 554
3005 378
3005 793
3005 589
3005 832
3005 732
3005 259
3005 416
3005 777
3005 768
3005 737
3005 800
3005 42
3005 209
3005 176
3005 694
3005 4
3005 38
3005 197
3005 234
3005 538
3005 745
3005 13
3005 545
3005 557
3005 237
3005 713
3005 619
3005 707
3005 352
3005 504
3005 340
3005 25
3005 132
3005 244
3005 437
3005 118
3005 267
3005 454
3005 680
3005 435
3005 781
3005 691
3005 262
3005 297
3005 320
3005 560
3005 584
3005 57
3005 783
3005 500
3005 158
3005 365
3005 18
3005 198
3005 328
3005 61
3005 596
3005 801
3005 370
3005 131
3005 684
3005 662
3005 100
3005 436
3005 272
3005 331
3005 644
3005 675
3005 526
3005 561
3005 233
3005 104
3005 425
3005 429
3005 383
3005 359
3005 464
3005 246
3005 439
3005 764
3005 159
3005 195
3005 366
3005 298
3005 509
3005 492
3005 759
3005 386
3005 825
3005 216
3005 481
3005 188
3005 361
3005 498
3005 256
3005 423
3005 337
3005 704
3005 591
3005 420
3005 625
3005 248
3005 288
3005 405
3005 111
3005 599
3005 583
3005 179
3005 502
3005 565
3005 663
3005 229
3005 184
3005 427
3005 137
3005 60
3005 44
3005 214
3005 358
3005 202
3005 527
3005 483
3005 534
3005 21
3005 177
3005 639
3005 34
3005 733
3005 640
3005 164
3005 466
3005 101
3005 711
3005 357
3005 109
3005 822
3005 286
3005 656
3005 750
3005 377
3005 709
3005 201
3005 840
3005 165
3005 360
3005 472
3005 308
3005 53
3005 677
3005 342
3005 22
3005 9
3005 740
3005 149
3005 558
3005 480
3005 721
3005 728
3005 102
3005 301
3005 28
3005 117
3005 338
3005 802
3005 671
3005 376
3005 829
3005 794
3005 672
3005 678
3005 382
3005 343
3005 809
3005 592
3005 442
3005 683
3005 283
3005 397
3005 228
3005 204
3005 473
3005 239
3005 494
3005 309
3005 15
3005 611
3005 698
3005 841
3005 743
3005 354
3005 367
3005 503
3005 282
3005 83
3005 185
3005 232
3005 26
3005 412
3005 103
3005 155
3005 363
3005 702
3005 245
3005 818
3005 819
3005 128
3005 235
3005 269
3005 772
3005 685
3005 670
3005 771
3005 329
3005 31
3005 49
3005 153
3005 213
3005 302
3005 119
3005 380
3005 636
3005 615
3005 1
3005 496
3005 552
3005 574
3005 522
3005 666
3005 413
3005 664
3005 310
3005 321
3005 805
3005 482
3005 506
3005 616
3005 516
3005 621
3005 459
3005 692
3005 194
3005 290
3005 567
3005 133
3005 404
3005 475
3005 162
3005 223
3005 339
3005 686
3005 393
3005 350
3005 372
3005 730
3005 36
3005 5
3005 261
3005 410
3005 652
3005 105
3005 390
3005 695
3005 479
3005 673
3005 739
3005 178
3005 493
3005 571
3005 129
3005 606
3005 395
3005 622
3005 461
3005 826
3005 699
3005 373
3005 724
3005 106
3005 51
3005 224
3005 210
3005 368
3005 138
3005 94
3005 568
3005 820
3005 665
3005 653
3005 823
3005 499
3005 19
3005 514
3005 175
3005 562
3005 773
3005 146
3005 266
3005 218
3005 837
3005 409
3005 375
3005 637
3005 490
3005 10
3005 531
3005 529
3005 11
3005 67
3005 782
3005 291
3005 530
3005 602
3005 495
3005 121
3005 598
3005 29
3005 553
3005 303
3005 547
3005 681
3005 533
3005 114
3005 169
3005 582
3005 787
3005 654
3005 347
3005 487
3005 346
3005 95
3005 211
3005 219
3005 107
3005 462
3005 463
3005 559
3005 414
3005 586
3005 792
3005 341
3005 220
3005 627
3005 208
3005 180
3005 193
3005 469
3005 203
3005 426
3005 222
3005 126
3005 421
3005 578
3005 687
3005 612
3005 293
3005 27
3005 268
3005 689
3005 633
3005 422
3005 830
3005 148
3005 68
3005 134
3005 710
3005 438
3005 505
3005 58
3005 225
3005 758
3005 116
3005 658
3005 374
3005 260
3005 628
3005 273
3005 810
3005 738
3005 391
3005 398
3005 827
3005 306
3005 618
3005 65
3005 667
3005 163
3005 434
3005 226
3005 638
3005 7
3005 212
3005 84
3005 541
3005 833
3005 236
3005 836
3005 324
3005 401
3006 305
3006 323
3006 765
3006 477
3006 70
3006 161
3006 484
3007 110
3007 154
3007 209
3007 3
3007 647
3007 577
3007 660
