1 2371
1 1659
1 2229
2 2263
2 2714
2 2628
2 1537
2 2511
2 2719
2 2047
2 2499
3 2660
4 1607
5 2014
5 1584
5 1586
5 2784
6 2379
6 2508
6 2411
6 1821
7 2311
8 1467
9 2691
9 2847
9 1487
9 2257
9 2640
10 1710
11 2133
11 2458
11 1523
12 1584
12 1586
12 2014
12 2784
12 2486
13 1988
13 2581
13 1900
13 2869
13 1966
14 2128
14 1784
14 2333
15 2263
15 1877
15 2413
15 2221
15 1521
15 1781
15 2197
15 2236
15 2052
15 1990
15 2642
15 1724
15 2579
15 2125
15 1968
15 2210
15 2312
15 2310
15 2684
16 2379
17 1812
17 2706
18 1622
19 1598
19 1462
20 2165
20 1809
20 1721
20 2424
20 2379
20 2508
21 1584
21 1586
21 2014
22 2037
22 1809
23 3000
24 1988
25 2459
26 1619
26 2789
26 1674
26 2441
26 1487
26 2774
26 2849
27 2014
27 1586
27 2486
27 1584
27 2784
28 1738
29 2199
30 2782
31 1920
31 2611
31 2074
32 1755
32 2290
32 1799
32 1652
32 2433
32 1470
32 2720
32 1501
33 2333
33 2128
33 1566
33 2202
33 1784
34 2128
35 2379
35 2508
35 2411
35 1821
35 1510
35 1508
35 1843
35 2174
36 1598
36 1489
36 1966
36 2046
36 1773
37 2012
37 2032
37 2451
37 2028
38 2014
38 1584
38 1586
38 2784
38 2486
39 1821
39 2333
39 2114
39 2139
39 2753
39 1484
39 2098
40 2263
40 1877
40 2413
40 2221
40 1521
40 2052
40 1781
40 2236
40 2197
40 1990
40 2642
40 1724
40 2579
40 2125
40 1968
40 2210
40 2312
40 2310
40 2684
41 1785
41 1907
42 2698
42 2648
42 2030
42 1685
43 2412
43 2962
43 1841
44 1988
44 1900
44 1656
44 1465
45 2329
45 1850
46 2555
46 1473
46 2572
46 2363
46 2340
46 2749
46 1786
46 2492
46 2744
46 1544
46 1591
46 2750
46 2595
46 2593
46 1546
46 2426
46 2767
46 2325
46 1957
46 1924
46 2399
46 1838
46 2043
46 2634
46 2313
46 2117
46 2704
46 2106
46 2358
46 1577
46 2394
46 2101
46 2374
46 2733
46 2586
46 2437
46 2681
46 2929
46 1613
46 1893
46 1472
46 1681
46 1837
46 2030
46 2124
46 1933
46 1987
46 2604
46 1628
46 2134
46 2615
46 1684
46 1760
46 2447
46 1768
46 1493
46 2035
46 2575
46 1852
46 1615
46 2761
46 1488
46 2717
46 2282
46 1468
46 2751
46 2592
46 2166
46 2442
46 2177
46 1573
46 2628
46 2294
46 1583
46 2743
46 2302
46 1916
46 2193
46 2554
46 1648
46 2491
46 1989
46 2326
46 2477
46 2306
46 2361
46 1824
46 2569
46 2764
46 2386
46 1519
46 2674
46 2558
46 2010
46 2158
46 2689
46 2506
46 2672
46 2384
46 2746
46 2223
46 1646
46 2168
46 1874
46 1737
46 2497
46 2765
46 1535
46 1878
46 2171
46 1939
46 2901
46 2132
46 1819
46 1638
46 2022
46 1614
46 1504
46 2033
46 2259
46 1927
46 1691
46 2624
46 2773
46 2467
46 2527
46 2176
46 2019
46 2274
46 2097
46 1680
46 1600
46 2709
46 1653
46 2016
46 2438
46 2315
46 1730
46 1611
46 2053
46 1750
46 2409
46 1513
46 1853
46 1917
46 2250
46 2405
47 2948
48 2917
48 2930
49 2691
49 1487
49 2257
50 2905
51 1619
51 1674
51 2789
52 1834
52 1928
53 1467
54 2499
54 2341
55 2305
55 2009
55 2792
55 1966
55 1644
55 2018
55 2605
55 2713
55 2428
55 2578
56 2138
56 2225
56 1755
56 2290
56 1799
57 2691
57 2522
57 2257
58 2243
59 2636
59 1856
60 1988
61 2379
61 2508
61 2333
61 2128
61 1843
61 2174
61 2411
61 2594
61 2189
61 1784
61 1471
61 2899
62 2288
62 2748
62 2032
62 1607
62 2513
62 1532
62 2645
62 2484
62 1515
62 2629
62 2783
63 2108
63 2618
63 2002
64 1843
64 2174
64 2189
64 2379
64 2508
64 2411
65 1891
66 2333
66 2128
66 2104
66 1487
67 1831
67 1462
68 3000
68 2942
69 2957
70 2427
70 2481
70 2440
70 2901
70 1983
70 2741
70 2517
70 2480
70 1908
70 2501
70 2860
70 2798
70 1714
71 1584
71 2439
71 2559
71 1527
71 2905
72 2453
72 2044
72 2984
72 1829
72 2468
72 2348
72 1759
72 2545
73 2402
73 2573
73 2485
73 2328
73 2240
74 2197
75 1488
75 1836
75 1879
75 1996
75 1924
76 2333
76 2128
77 2459
77 1827
77 2146
78 2481
78 2798
78 2727
79 2060
80 2333
80 2128
80 1566
80 1784
81 2917
81 2930
81 1559
82 2263
82 1877
82 2413
82 2221
82 1521
82 2052
82 1547
82 2123
82 2067
82 2566
83 1619
83 1674
83 2789
83 1530
84 2712
84 2247
85 2481
86 2121
86 2012
86 2748
86 2288
86 1894
87 2333
87 2379
87 1478
87 2128
87 2493
87 2116
87 1645
87 1821
87 1585
87 2411
87 2508
87 2189
87 2174
87 1843
87 2023
87 1992
87 1576
88 2412
88 2029
89 2333
89 2128
90 2930
90 2917
90 2972
90 1921
90 2965
91 1667
92 1988
93 1809
93 2037
93 2439
93 2410
93 1843
93 2379
93 1584
93 2263
93 1629
93 1738
93 2268
93 1580
93 2086
93 2637
93 1467
93 2273
93 2381
93 2013
93 1527
93 1566
93 2202
93 2104
93 1617
93 2499
93 1721
94 1911
94 2958
94 2301
95 2793
95 1507
95 1830
95 2658
95 2062
95 1660
95 1974
95 2161
95 1514
95 1735
96 2037
96 1738
97 2439
97 2410
97 1629
98 2905
98 1584
98 1586
98 2014
98 2784
98 2123
99 1954
99 2962
99 2931
100 2037
100 1721
100 1809
100 2379
100 1584
100 1467
101 2470
102 1619
102 2789
102 1674
102 2461
102 1592
102 2047
102 2078
103 1629
103 1738
103 2037
103 1566
103 1809
103 1721
103 2508
103 1843
103 2379
103 1821
104 2263
104 1970
104 2628
104 2679
104 1485
104 1527
104 1877
104 1857
104 1776
104 1521
104 2221
104 2413
104 1537
104 2140
104 2396
104 2052
104 2067
104 2267
104 2367
104 1547
104 2252
104 2230
104 1975
104 1585
104 2924
104 1993
104 2123
104 2745
104 1781
104 2197
104 2236
104 2198
104 1553
104 2663
104 2152
104 2519
104 2120
104 2561
104 1990
104 1724
104 2125
104 1968
104 2684
104 2579
104 1880
104 1802
104 2349
104 2747
104 2610
104 1833
104 2039
104 2647
105 2439
105 2410
105 1629
105 1566
106 2236
106 2197
106 1912
106 1562
106 2499
107 2031
107 2449
107 2965
108 2121
108 2288
108 1961
108 1894
109 1736
109 2802
110 1539
110 1762
110 2308
110 2482
110 2185
110 2088
110 2212
110 2081
110 2237
111 2391
112 2939
112 2948
113 2901
114 2788
114 2130
114 1914
115 1467
115 1776
115 1553
115 2270
115 2198
115 2243
115 2114
115 1782
115 2439
115 2495
115 2381
116 2788
117 1889
118 2909
118 2797
119 2133
119 2458
119 1523
120 2098
120 1672
120 2391
120 2417
120 1559
120 2450
120 2673
121 2102
122 2564
122 1787
123 2391
124 1988
125 2489
125 2136
125 2434
125 1643
125 2556
125 2163
125 2800
125 2207
125 2464
125 1719
125 1671
125 1969
125 2631
125 1826
125 2697
125 2469
125 2689
125 1790
126 1765
127 1598
128 1777
128 1974
129 1988
130 1845
130 1634
130 1777
130 2613
130 2062
130 2769
130 1926
130 2127
130 2045
131 1709
131 2202
131 1629
131 2439
131 2379
131 2508
131 2411
131 1843
131 2174
131 1809
131 2495
131 1566
131 2375
131 1738
131 2013
132 1709
132 2202
132 1843
132 2013
133 2439
133 2086
133 2637
133 1566
133 2013
133 1629
133 1709
133 2174
133 1843
133 2189
133 1955
133 2410
133 2202
133 1738
133 2379
133 2508
133 2411
134 1629
134 1738
134 2037
134 1566
134 1467
134 2379
134 1843
135 2257
136 1595
136 2307
136 1976
137 1619
137 2789
138 1629
138 2439
138 1566
138 2202
138 1709
138 1636
138 1738
138 1527
138 2268
138 1580
138 2410
138 1955
138 2086
138 2637
138 1467
138 2379
138 2508
138 2411
138 1843
138 2174
138 2189
138 1584
138 1586
138 2014
138 2784
138 2486
139 2373
140 1855
140 2335
140 2284
141 2594
141 2921
141 2071
141 2974
142 2243
142 2114
142 1782
142 1467
142 2047
143 2110
143 2716
143 2443
143 1746
144 1886
144 2144
145 2396
145 1586
145 2014
146 2525
146 2583
146 1966
146 2646
146 1936
146 2570
146 2802
146 2323
146 2209
147 2917
147 2930
148 2782
148 2504
149 2753
149 1484
150 1735
150 2658
150 1830
151 2263
151 2236
151 2642
152 1889
152 2098
153 2691
153 2847
153 2257
154 2482
154 1539
155 1634
156 2334
156 1863
156 1689
156 2090
156 1716
156 2309
156 2987
156 2369
156 2228
156 1701
156 1560
156 1685
156 1640
156 2030
156 2005
156 2201
156 2498
156 1609
156 2220
156 1555
156 2455
156 2096
157 1467
158 2690
159 2957
160 2379
160 2508
160 2411
161 2939
162 1629
162 2439
162 1566
162 1467
162 2637
162 2273
163 2756
164 1889
164 2781
165 1634
165 2045
166 1920
166 2611
166 2074
167 2470
168 2086
168 2439
168 1566
168 2013
168 1629
168 1467
169 2379
169 2508
169 2411
170 2263
170 1877
170 2413
170 2221
170 1521
170 2052
170 2499
171 2112
172 1809
172 2037
173 1889
174 1988
174 2691
175 2732
175 2098
176 2793
176 1507
176 2479
176 2149
176 1548
177 1809
177 2037
177 1629
177 1467
177 2379
177 2411
177 1584
177 1586
177 2014
177 2784
177 2486
177 1582
177 1951
177 1738
177 2508
177 1580
177 2495
177 2439
177 1821
177 1721
177 1566
177 2268
177 2532
177 2068
178 1765
179 1527
180 2337
181 2128
182 1584
182 1721
182 1467
183 2202
183 1709
183 2375
183 1566
184 1467
184 1667
184 2100
184 1617
184 2165
185 2453
185 2044
186 2564
186 1970
186 1857
186 1527
186 1721
187 2263
187 1877
187 2413
187 2221
187 1521
187 2052
187 1547
187 2123
187 2067
187 2566
187 1966
188 2341
188 1877
188 2221
188 1521
188 2052
188 2413
188 2263
188 2197
188 2642
189 1467
189 2037
189 1809
189 1721
190 2444
190 1764
190 2380
190 2703
190 2879
190 1848
190 1668
190 2407
190 2350
191 1467
191 1586
192 2379
192 2508
192 2411
192 1821
192 1510
192 1508
193 2257
193 1487
193 2522
194 1735
194 2658
194 1830
194 2058
194 1660
194 1974
194 2580
194 2224
194 2623
194 1919
195 1771
195 2169
195 2661
196 2917
196 2676
196 2018
196 2752
196 2298
197 1777
197 1945
197 1795
197 2260
197 2725
197 1974
197 1660
197 2548
197 2122
197 1903
197 2612
197 2276
197 2222
197 1558
197 1461
197 1479
197 1518
197 2692
197 2124
197 2742
197 2643
197 1835
197 2962
198 2257
199 2724
200 2018
200 2917
200 2930
200 2098
200 2676
200 2662
200 2546
200 2705
200 2734
200 2625
201 2287
201 2257
201 2280
201 2957
201 1821
201 1966
201 2078
202 2612
203 2288
203 2748
203 1842
203 2032
203 2788
203 2012
203 2121
203 1894
203 2606
203 2285
203 1930
203 2133
203 1960
203 1549
204 1999
204 2650
204 2802
205 1988
206 2732
206 2283
207 2439
207 1629
208 2074
209 2432
210 2905
210 2981
210 2323
211 2499
211 1760
211 1881
212 2263
212 2341
213 1809
213 2037
213 1629
213 1566
213 1467
213 2379
213 2411
213 1584
213 1586
213 2014
213 2784
213 2486
213 1738
213 2268
213 2508
213 2104
213 2057
213 2439
213 2582
213 1825
214 1619
214 2789
214 1674
215 1584
215 1586
215 2014
215 2784
215 2486
216 1566
216 1629
216 2637
217 2585
217 1705
218 1517
219 1619
219 2789
219 1674
220 2263
220 1877
220 2413
220 2221
220 1521
220 2052
220 1781
220 2236
220 2197
220 1990
220 2642
220 1724
220 2579
220 2125
220 1968
220 2210
220 2312
220 2310
220 2684
220 2341
220 2499
221 1845
222 1574
223 2439
223 2410
223 2047
224 2333
224 2128
224 1784
224 1566
224 2202
225 2948
225 2939
226 2481
226 1966
227 2439
227 2695
227 2379
227 2047
227 1744
227 2554
228 2257
228 1487
229 2263
229 1877
229 2413
229 2221
229 1521
229 2052
229 1547
229 2123
229 2067
229 2566
230 1952
230 2459
230 2567
230 2965
231 1619
231 1674
232 1619
233 2263
233 1877
233 2413
233 1521
233 2341
233 2499
234 2074
234 2403
235 1776
235 2072
235 2638
235 1553
235 2198
235 2780
236 2263
236 1877
236 2413
236 2197
236 2642
237 1708
237 2281
237 1970
237 2396
237 2037
237 2726
237 2152
237 1547
237 2663
237 2252
237 2123
237 1619
237 2789
237 1674
237 1498
237 1809
238 1566
238 2439
238 1629
238 2189
238 2508
239 1598
239 2475
240 2333
240 2128
241 2056
241 2555
242 2222
242 1777
242 2742
242 1474
242 1945
242 2157
242 2782
242 2504
242 2541
242 1524
243 1809
243 2037
243 1721
243 3000
243 2942
244 2140
245 1712
245 2785
245 2001
245 1760
245 2133
246 2074
246 2403
247 2555
248 1487
249 1920
249 2611
249 2074
250 2037
250 1809
250 1629
250 1584
250 1586
250 2014
250 2784
250 2486
251 1598
252 1605
252 1743
252 1727
252 2365
253 2439
253 2410
253 1629
253 1566
253 2379
253 2508
253 1467
253 1821
253 2495
253 2086
253 2637
253 1955
253 1738
253 2400
253 2273
253 2104
253 1584
253 2014
253 2754
253 2047
253 2632
253 2268
253 1580
253 1617
254 2930
254 2917
254 1623
255 1467
256 2263
256 1877
256 2413
256 2221
256 1521
256 2052
256 1781
256 2236
256 2197
256 1990
256 2642
256 1724
256 2579
256 2125
256 1968
256 2210
256 2312
256 2310
256 2684
257 2074
257 1821
257 1552
257 2323
258 1721
259 1891
259 1493
260 2493
260 1634
260 2366
260 2401
260 1514
261 1475
261 2008
262 1467
262 1667
262 1809
262 2037
262 1629
262 2013
262 1738
262 1584
262 1586
262 2014
262 2784
262 2486
262 2379
262 2508
262 2411
262 1566
262 1843
262 2174
262 2189
262 2439
262 2268
262 1617
262 1821
263 2037
263 1809
263 1721
264 1467
264 2078
265 2333
265 2128
266 1981
266 1913
267 1891
267 2356
267 1588
267 1575
267 2524
267 1966
268 1595
268 2307
269 1776
269 1553
269 2270
269 2198
269 1485
269 2638
269 2025
269 2360
269 2522
269 2475
270 1674
270 1619
270 2789
270 1998
271 1721
271 2037
271 1809
271 2165
271 1476
271 2424
271 1843
271 2174
271 2189
271 3000
271 2942
272 2462
273 2793
274 1809
274 1467
274 1584
274 1586
274 2014
274 2784
274 2486
274 2273
274 1629
274 1738
274 1580
274 2439
274 2104
275 2165
275 1843
275 2379
275 1721
276 1921
276 2155
277 2901
278 1709
278 2202
279 1843
280 2930
280 2917
280 2246
281 2930
281 2917
282 2311
282 2018
283 2410
283 2013
284 2287
284 2916
285 1629
285 2439
285 1566
285 2202
285 1709
285 1636
285 1738
285 1527
285 2268
285 1580
285 2410
285 1955
285 2086
285 2637
285 1467
285 2379
285 2508
285 1843
285 2174
285 2189
285 1584
285 1586
285 2014
285 2784
285 2486
286 2197
286 2190
287 1467
287 1584
287 1586
287 2014
287 2784
287 2486
288 2905
288 2347
288 2264
288 1608
288 1481
288 1678
288 2396
288 2152
288 1547
288 2519
288 2120
288 2123
288 2745
288 1857
288 2252
288 2561
288 2663
288 2981
289 1929
290 2263
290 1877
290 2413
290 2221
290 1521
290 2052
290 1547
290 2123
290 2067
290 2566
290 2499
290 2203
290 1966
291 1972
291 2059
292 1584
292 2396
293 2012
293 1931
293 2121
293 1811
294 1487
294 2640
295 1952
295 2609
295 1482
295 2093
295 1610
296 2917
296 2930
296 2356
296 2540
296 1873
296 2537
296 2098
296 1610
296 2240
296 2391
297 2074
297 2182
298 1776
298 2072
298 2638
298 1553
298 2198
298 2114
298 2139
298 2047
298 2591
298 2208
298 2522
298 2494
298 1744
299 2133
299 2458
300 1625
300 2074
301 1467
301 1821
302 1629
302 2439
302 2410
302 1955
302 2086
302 2637
302 1566
302 2202
302 1709
302 1636
302 1738
302 1527
302 2268
302 1580
302 1467
302 2379
302 2508
302 1843
302 2174
302 2189
302 1584
302 1586
302 2014
302 2784
302 2486
302 2013
302 2737
302 2495
302 1667
302 1617
302 2499
302 2057
303 2439
303 1629
303 1738
303 2268
303 1821
303 2379
303 2508
303 2411
304 2461
304 2114
304 2139
304 2459
304 1612
304 1744
304 2047
304 2591
304 2208
304 1821
305 1834
306 2352
306 1493
306 2431
306 1882
306 1565
306 2781
307 2639
307 1471
307 1870
307 2740
307 2917
307 2632
308 2957
309 2287
309 2921
309 2869
309 2225
309 2589
309 2192
309 1711
309 1808
309 1669
309 1839
309 1757
309 1696
309 1821
309 1510
309 1508
309 1966
310 2257
310 2116
311 2378
311 2450
311 2180
311 1902
312 1872
312 2283
312 2732
313 2902
313 1471
313 2178
313 2760
314 2901
315 2044
315 2453
316 2379
316 2508
316 2411
317 1809
317 1721
317 2379
317 1843
317 2037
317 2128
317 2333
317 2602
317 1471
317 2533
317 1888
318 1962
319 2018
319 2640
320 1499
320 2597
320 2024
320 2442
321 1619
321 2789
322 2324
323 2948
324 2263
324 1877
324 2413
324 1521
324 2341
325 2257
325 2738
326 2257
327 2278
327 1891
328 1467
328 1667
328 2379
328 1843
328 1629
328 1580
329 2691
330 1988
331 2263
331 1877
331 2413
331 1521
331 1990
331 2642
331 1724
331 1781
331 2236
331 2197
331 2579
331 2125
331 1968
331 2210
331 2312
331 2310
331 2499
332 2128
333 2939
333 1905
333 1632
334 1559
334 2378
334 1902
334 2180
334 2450
334 2673
334 2136
335 1584
335 1586
335 2396
335 2905
335 2014
335 2784
336 2121
337 1988
338 1710
338 1962
338 1894
339 1674
339 2599
339 2261
339 1884
339 2736
339 2528
339 2381
339 1619
339 1721
339 1809
339 2037
339 2849
340 2459
341 1780
341 2646
341 2209
342 1619
342 2663
342 2152
343 1467
344 1843
344 2174
345 2382
345 2472
345 1779
345 1606
345 2103
345 3006
346 2756
347 2215
347 2584
348 1843
348 2174
348 2189
348 1798
349 2128
349 2333
349 1784
349 2392
349 1471
350 2379
350 1843
350 2189
350 2174
350 2047
350 2128
350 2508
350 2411
351 2983
352 2691
352 2257
353 1598
353 2546
354 2978
354 2530
354 1487
354 2691
354 2257
355 1720
355 1821
355 2646
355 2570
356 1765
357 1776
357 2072
357 2638
357 2114
357 2139
357 1553
357 2198
358 2691
359 2263
359 1877
359 2413
359 2642
359 2598
360 1735
360 2658
360 1830
360 2161
360 2740
360 2580
360 2292
360 1974
361 1988
362 1467
363 2373
364 1715
364 1655
365 1834
366 2261
366 1970
366 1884
367 2074
368 2263
368 1877
368 2413
368 1521
368 1990
368 2642
368 1724
368 1781
368 2197
368 2579
368 2125
368 1968
368 2210
368 2312
368 2310
368 2499
369 1709
369 2202
369 2375
370 2379
371 1570
371 2179
371 2262
371 2505
372 2481
373 2439
373 1629
373 1738
373 2410
373 2637
373 2784
373 1586
373 2014
373 1584
373 2508
373 2486
373 2379
373 1467
373 2411
374 2147
374 1463
374 1859
374 1670
374 2194
374 1705
374 1894
374 2391
374 2417
374 2098
375 2905
375 2981
376 2215
376 2584
377 2341
377 2263
377 1781
377 1990
377 2579
377 2125
378 2263
378 1877
378 2413
378 1521
378 1990
378 2642
378 1724
378 1781
378 2236
378 2197
378 2579
378 2125
378 1968
378 2210
378 2312
378 2310
379 2165
379 1721
379 2316
379 2424
379 1809
379 2206
379 2057
379 2439
379 2942
379 2037
379 3001
379 1997
380 1467
380 2084
380 2082
380 2686
380 2653
380 2193
381 2225
382 2917
382 2930
383 1619
384 2439
384 1629
384 1566
384 2202
384 2013
384 1738
384 2737
384 2268
384 1580
384 1843
384 2174
384 2189
384 2379
384 2410
384 2086
384 2637
384 1467
384 1667
384 2333
384 2128
385 2724
386 2587
386 2847
386 1627
387 1467
387 1821
387 2532
387 2524
388 2499
388 2135
388 1669
388 2511
388 2714
388 1537
388 2719
389 2257
390 2074
390 2278
390 1493
391 1776
391 1553
391 2270
391 2198
391 1485
391 2638
391 2025
391 2360
391 1782
391 2243
391 2296
391 2461
391 1821
391 1598
391 1872
391 2037
391 2379
391 2508
391 2411
392 2732
392 2098
393 2263
393 1547
393 2123
393 2067
393 2566
393 2203
393 1966
394 2284
395 2263
395 1877
395 2413
395 2221
395 1521
395 2052
395 1547
395 2123
395 2067
395 2566
395 2499
396 1667
397 1988
398 2128
399 1467
399 1629
399 1738
399 1584
399 1586
399 2014
399 1580
400 1809
400 2037
400 1629
400 1566
400 2789
400 1674
400 1742
400 2779
400 2379
400 2411
400 1843
400 1467
400 1584
400 1586
400 2014
400 2784
400 2486
400 1605
400 2511
400 1582
400 1951
400 1667
400 1617
400 1708
400 1738
400 2508
400 1580
400 1709
400 1619
400 2202
400 2268
400 1743
400 2057
401 1921
402 2930
402 2917
402 2238
403 1770
403 2907
404 1846
404 2687
404 1821
405 1634
406 2930
406 2917
407 1988
408 1710
409 2517
410 2439
410 2086
410 1821
410 2047
411 2214
411 2671
411 2063
411 1464
411 2333
411 2128
412 2732
412 2098
413 2014
413 1586
413 1584
414 1487
414 2534
414 1806
414 2603
414 2257
414 1821
414 1966
414 2385
414 2640
415 2724
415 2452
415 1528
416 2307
416 1595
417 2396
417 2905
417 1547
417 2252
418 2257
419 1598
419 2564
419 2047
420 2037
420 1821
421 1765
422 1487
422 2640
423 2257
423 2475
423 1966
424 2410
424 2333
424 2128
424 2104
425 1487
425 1966
425 2640
426 2263
426 1877
426 2413
426 2221
426 1521
426 2052
426 1547
426 2123
426 2067
426 2566
426 2972
426 2014
427 2255
427 1701
428 1667
429 2243
430 1920
430 2611
430 2074
431 1849
432 2165
432 2439
433 2930
433 2917
433 1623
433 2636
433 2215
433 2662
433 1699
433 2325
433 2050
433 1934
433 1497
434 2037
434 1527
434 1580
434 2202
434 1566
434 2333
435 2439
435 2086
436 2514
437 1598
437 1584
437 1586
437 2014
437 1582
437 1951
437 1821
437 2068
438 1988
439 2917
440 2788
441 2288
441 2748
441 2032
442 2324
443 2593
443 2552
443 1964
443 2980
444 1584
445 2102
446 1467
447 1477
447 1502
447 1973
448 1527
449 1857
449 2036
449 1584
449 1586
449 2014
450 2439
450 2410
450 1955
450 2086
450 2637
450 1721
450 2797
450 1566
450 1580
450 2495
450 1809
450 2037
450 1527
450 2349
450 2899
450 2165
451 2906
451 1851
451 2571
451 2295
451 1635
451 2669
451 1840
451 1626
451 1800
452 2510
452 1771
452 1794
452 2640
453 1467
453 1584
453 2078
454 1821
454 1986
454 2271
455 1857
456 2748
456 1842
456 1961
456 2288
457 1539
458 1584
458 1586
459 2917
459 1904
460 1843
460 2968
461 2439
462 1733
462 1706
462 1923
462 1966
463 1660
463 1735
463 1974
463 2658
463 1830
463 2062
463 2195
463 2058
464 2691
464 1487
465 2724
466 1793
466 1940
466 2851
466 2932
466 3005
466 2945
466 2160
467 1467
468 2739
468 2073
469 1807
469 1666
469 2772
469 1604
469 2061
469 3003
469 2265
469 2024
470 2237
470 1526
470 2055
471 1952
471 2290
472 2140
473 2978
473 1816
474 2470
475 1489
475 1487
475 1966
476 2732
476 2493
477 1779
477 2382
477 2004
477 2092
477 2330
478 1721
478 1809
478 2152
479 1777
479 2222
479 1974
479 1514
479 2401
479 2062
479 2161
479 2740
479 2580
479 2292
479 2260
479 1945
479 2742
479 2658
479 2058
480 2102
481 1988
482 1785
482 1907
483 1629
483 2439
483 2410
483 2086
483 2637
483 1566
483 2268
483 1580
483 2379
483 1467
483 2189
484 1707
484 2344
484 2614
485 1598
485 1966
486 1704
486 2837
486 2798
486 2241
486 2503
486 2368
486 1893
486 2635
486 1613
486 2327
486 1897
486 1490
486 2200
486 2414
486 2065
486 2860
486 2297
486 2875
486 1813
486 2928
486 2542
486 2574
486 2204
486 2700
486 2731
486 2415
486 2465
486 2975
486 2416
486 2710
486 2291
486 1496
486 1869
486 3000
486 1469
486 2649
486 2502
486 2319
486 2664
486 2488
486 2766
486 2702
486 2543
486 1789
486 2680
486 1664
486 1751
486 2476
486 1862
486 2621
486 2715
486 2728
486 2771
486 1868
486 2289
486 2336
486 2420
486 2150
486 2942
486 1713
486 1820
486 1491
486 2109
486 1944
486 2083
486 1545
486 1876
486 1978
486 1624
486 1803
486 2026
486 2718
486 1529
486 1601
486 2314
486 1953
486 2191
486 2617
486 2730
486 1769
486 2213
486 2087
486 1895
486 1749
486 1695
486 2383
487 2014
487 1584
487 1586
487 2784
487 2486
488 2917
488 2930
489 2379
489 2508
489 2411
489 1843
489 2174
489 2189
489 2333
489 2128
489 1784
489 2594
489 2165
489 1476
490 2086
490 2439
490 2637
490 1566
490 1709
490 2013
490 2410
490 1955
490 2202
490 1629
490 1738
490 1843
490 2174
490 2189
491 2128
492 1619
492 2789
492 1674
493 1710
494 1843
494 1629
494 1738
494 1467
494 1809
494 2037
494 1617
494 1566
494 2189
494 2013
494 2375
494 2174
494 2086
494 1674
494 1721
494 1580
494 2439
494 2268
494 2273
494 2495
495 2128
495 2333
495 1784
496 2528
496 2599
496 2226
496 1970
496 1467
496 1809
496 2564
497 1467
498 2037
498 1821
498 1738
498 2266
499 1667
499 2905
499 2981
500 1709
500 2202
500 2375
500 1566
500 1636
500 2013
500 1580
501 2511
501 2758
501 2007
501 1980
501 2630
501 2038
501 1832
501 2275
501 1788
501 1937
501 1910
501 1948
501 1740
501 2759
501 1582
501 1951
502 1843
502 2174
503 1721
503 2508
504 1487
504 2385
504 2534
504 1567
504 2536
504 1569
504 1966
504 2257
504 2640
505 2263
505 1877
505 2413
505 2221
505 1521
505 2052
505 1781
505 2236
505 2197
505 1990
505 2642
505 1724
505 2579
505 2125
505 1968
505 2210
505 2312
505 2310
505 2684
505 2341
505 2499
506 1527
507 2072
507 2139
507 2296
507 2288
507 2203
507 2170
507 1747
508 1809
508 2037
508 1721
508 2203
509 2391
509 2075
509 2098
509 2417
509 1966
510 2691
510 1487
511 2711
511 2178
512 2990
513 2073
514 1735
514 2658
514 1830
514 1974
514 2058
514 1660
514 2161
514 2740
514 2401
514 2677
514 1742
514 1795
514 1507
514 2793
514 1734
514 2692
514 1777
514 1514
515 1738
515 1739
515 1942
516 1782
517 2691
517 2323
517 2257
518 2037
518 1467
518 2379
518 1584
518 1738
519 2517
520 1598
520 2630
520 1951
520 1821
521 1467
521 2439
521 1584
521 1586
521 2014
521 2784
521 2486
521 2379
521 1629
521 2047
521 1667
522 2263
522 1877
522 2413
522 2221
522 1521
522 2052
522 1781
522 2236
522 2197
522 1990
522 2642
522 1724
522 2579
522 2125
522 1968
522 2210
522 2312
522 2310
522 2684
522 2499
523 2263
523 2499
524 1709
524 2202
524 2375
524 1566
525 2257
526 1487
526 2534
526 2257
526 2957
526 2640
527 1634
528 2917
528 2930
529 1720
529 2983
530 2942
531 2086
531 2637
531 2439
531 1955
531 2410
531 1566
531 2174
532 2378
532 1559
532 1902
532 2450
532 2180
532 2673
532 2763
532 2551
532 2154
533 2037
533 1809
533 1721
534 2119
534 1974
534 1864
534 1742
534 2195
534 2058
534 2362
534 1777
534 1660
535 1809
535 2379
535 2165
535 2905
536 2917
536 2445
536 2290
536 1470
537 1739
537 1942
537 1487
537 2300
537 2047
537 2982
537 2085
537 2437
537 2803
537 2860
538 1809
538 2037
538 1629
538 2128
538 2333
538 2754
538 1467
538 2273
538 1584
538 1586
538 2014
538 2784
538 2486
538 1566
538 1738
538 2439
538 2104
539 2529
539 1746
540 2121
541 2018
542 2917
542 2930
543 2905
544 1487
545 1467
546 2074
547 2037
547 1721
548 2333
548 2128
549 1754
549 2905
549 1509
549 2762
549 2981
549 2966
549 2418
549 2123
550 2284
550 2475
550 2693
551 2014
551 1584
552 1634
553 2790
554 2499
554 2341
555 2859
556 2875
557 2462
557 2549
558 2564
558 1462
558 1598
558 1634
558 1912
558 1552
558 2068
559 2788
559 2137
560 1981
560 2254
561 1487
561 2534
562 2860
562 2696
562 2930
562 2917
562 2006
562 2018
562 2475
562 1883
562 2219
562 1941
562 2555
562 1648
562 1487
562 1739
562 1942
562 1766
562 1966
562 2078
562 1885
562 2846
562 2391
562 2098
562 1637
562 1810
562 2390
563 2417
563 1790
563 2181
563 2965
563 2752
563 1752
563 2167
563 3004
563 1536
563 2233
563 2515
563 1805
563 1991
563 2507
563 1686
563 2466
563 1858
563 1950
563 2355
563 2079
563 2652
563 2015
563 1860
563 1956
563 2565
564 2391
564 2417
564 2098
564 1966
564 1559
564 2450
564 2673
565 2439
565 2261
565 2410
565 1629
565 2086
565 1774
565 2165
566 2333
566 2128
567 1537
568 1598
568 1801
568 2787
568 1821
568 2379
568 2508
568 2411
569 2957
569 2898
570 2917
570 2930
571 2263
571 1877
571 2413
571 1521
571 1990
571 2642
571 1724
571 1781
571 2236
571 2197
571 2579
571 2125
571 1968
571 2210
571 2312
571 2310
571 2499
572 2564
572 1970
572 1527
572 1721
572 2396
572 2225
572 3001
573 1559
573 2450
573 2673
574 1487
575 2236
575 2197
576 2926
576 2908
576 2876
577 2482
578 2287
578 2802
579 2917
579 2930
580 2263
580 2174
580 2499
581 2439
581 2410
581 2379
581 2508
581 1629
581 1821
582 1710
582 1815
582 1962
583 1495
583 1993
583 2343
583 1655
583 2159
583 1610
583 1971
583 1846
584 2379
584 2508
584 2411
584 1843
584 2174
584 2189
584 2333
584 1821
584 1776
584 1553
584 2270
584 2198
584 1485
584 2638
584 2025
584 2360
584 1489
584 1986
585 2930
585 2917
586 2379
586 2411
586 2508
587 1467
587 2938
588 2333
588 2128
588 2105
589 2439
589 1629
589 2410
589 2086
589 2637
589 1566
589 2202
589 1709
589 1636
589 1738
589 1527
589 2268
589 1580
589 1467
589 1617
589 2379
589 2508
589 1843
589 2174
589 2189
589 1584
589 1586
589 2014
589 2784
589 2486
589 2695
589 2965
590 1566
590 2439
591 1710
592 1755
592 2290
592 1799
592 2720
592 1470
593 2917
593 2930
594 2611
594 1920
594 2074
594 1901
595 2333
595 2128
595 2273
596 2522
597 3000
597 2013
597 1629
597 1738
597 2905
597 2037
597 2410
597 2439
597 1584
598 2942
598 3000
599 2732
599 2098
600 2263
600 1856
600 1872
601 1598
601 2047
602 2128
602 2333
602 1784
603 1467
604 1977
604 1712
604 2668
604 1607
604 2901
604 2722
604 1531
605 1467
606 1988
606 2644
607 1709
607 2202
608 2517
609 1834
609 2550
610 1872
610 1755
610 2290
610 2459
610 2225
610 2138
611 2605
611 2658
611 1974
611 2058
611 1660
611 2062
612 1972
612 2059
612 2164
612 2148
613 1619
613 1674
613 2789
613 2281
614 2387
614 1787
614 1783
614 2118
614 2003
615 1527
615 2559
615 1619
615 1566
615 2202
616 2462
617 1889
618 1493
618 2278
619 2263
619 1877
619 2413
619 1521
619 1781
619 2236
619 2197
619 1990
619 2642
619 1724
619 2579
619 2125
619 1968
619 2210
619 2312
619 2310
619 2684
619 2341
619 2499
620 2499
620 2341
620 1966
621 1988
622 2485
622 2573
622 2328
622 1932
622 1541
623 1834
624 2380
624 2444
624 1764
624 2703
625 1598
626 2439
626 2637
626 2086
626 1629
626 1708
627 1475
628 2788
628 2130
628 1914
629 1467
630 2732
631 1598
631 1912
631 1821
632 2439
632 2410
632 2047
632 2257
632 1629
632 1738
633 2875
634 2128
634 2333
634 1784
635 1556
635 2286
635 2145
635 2636
635 1745
635 2126
635 1647
635 2441
635 2675
635 2032
635 2665
635 2239
635 2028
635 2258
635 2984
636 2462
636 2475
637 2249
637 1894
637 1520
637 1898
637 1733
638 1843
638 2174
638 2189
638 1566
638 2202
638 1709
638 2439
638 2086
638 1629
638 1738
638 1673
638 2013
639 2711
639 1486
640 1584
640 1586
640 2014
641 1834
641 1725
641 1722
641 2768
641 1928
642 2128
643 2391
643 2098
643 1559
643 2450
643 2673
643 2786
644 1487
644 2534
644 1966
644 1547
644 1569
644 1861
644 2376
644 2620
644 1578
644 2385
645 1988
646 2128
646 2333
647 1539
647 2948
647 1935
648 2410
648 2439
648 2013
648 1584
648 1586
649 2018
649 2930
650 1889
651 2917
651 2930
652 2098
652 2417
652 2391
652 2942
653 1487
653 2534
653 2404
653 1906
654 2102
655 1584
656 2115
657 2037
657 1629
657 2013
657 1738
657 1809
657 2965
658 2691
658 1988
658 2257
659 2662
659 2574
659 2781
659 1828
659 1756
659 2509
659 1637
659 1854
659 2249
659 1506
660 2948
660 2920
660 2939
660 2293
661 1710
661 2102
661 2475
662 2557
662 1821
662 2323
663 1599
663 1511
663 2225
663 1970
663 2226
663 1884
663 2628
663 2425
663 1975
663 2230
663 2844
663 1669
663 2719
663 2714
663 2263
663 2242
663 2345
663 2499
664 1619
664 1674
664 2789
664 2632
665 2462
666 1598
667 1493
668 1970
668 1884
668 2261
668 1527
668 2036
668 2439
668 2599
669 1619
669 2789
669 1674
670 1776
670 2072
670 2638
670 2140
670 1553
670 2198
670 2139
670 2114
671 2439
671 1629
671 1580
671 1566
671 2189
671 1843
672 2691
672 1487
673 2311
673 1471
673 1603
673 1818
673 1870
673 1551
674 2470
675 2534
675 1487
675 1588
675 2251
676 2396
676 1586
677 1920
677 2611
677 2074
678 1638
678 2748
679 1767
679 2735
679 2770
680 1527
681 2263
681 2628
681 1537
681 2511
681 2714
681 2719
681 2844
681 2499
682 1776
682 2072
682 2638
682 1553
682 2198
682 2296
682 2780
682 2651
682 1755
682 2754
683 2263
683 1537
683 2628
683 2714
683 2511
683 2719
683 2844
683 2499
684 1634
684 1966
685 2263
685 1877
685 2413
685 2221
685 1521
685 2052
685 1781
685 2236
685 2197
685 1990
685 2642
685 1724
685 2579
685 2125
685 1968
685 2210
685 2312
685 2310
685 2684
685 1489
686 3000
686 2942
686 2255
686 2147
686 2143
686 2590
686 2496
687 2014
687 1584
687 1586
687 2784
687 2486
688 2559
688 1527
688 1629
688 1821
689 2263
689 1489
689 1633
689 2290
689 1799
689 2499
689 1755
689 1470
690 2901
691 2290
691 1799
691 1755
691 1470
692 2724
693 2701
693 1963
693 2342
693 1946
694 1487
694 2257
694 2691
694 1892
694 2607
694 2113
695 2639
695 1471
695 2917
696 2660
697 1562
698 2691
698 1988
698 2738
698 1966
699 1905
699 2939
700 1619
701 2439
701 2410
701 1955
701 2086
701 2637
701 1629
701 1738
701 1467
701 1584
701 1586
701 2014
701 2784
701 2486
701 2379
701 2508
701 2411
701 1843
701 2174
701 2189
702 1776
702 2638
702 1553
702 2072
702 2208
702 2591
702 2379
702 2508
702 2411
702 1584
702 1586
702 2014
702 2784
702 2486
702 2047
703 1598
703 2660
703 1821
704 1988
704 2691
704 2958
704 2522
705 2395
705 1970
705 2439
706 2257
707 2917
707 2930
707 2018
707 1912
707 1668
707 1605
707 1743
707 2722
708 1843
708 2174
708 2189
709 1619
709 1674
709 2789
709 2203
710 2450
710 2673
710 2180
710 2800
710 2539
710 2581
710 2163
710 2608
710 2378
710 1902
710 1814
710 2678
710 1887
710 2757
710 1559
710 2955
710 2601
710 2154
710 1790
711 1517
712 1721
712 1809
712 2037
713 1619
713 2789
713 1674
713 2849
714 2480
714 2619
715 1566
715 1629
715 1467
715 1584
715 1586
715 2014
715 2784
715 2486
715 2104
715 2273
715 1809
715 2037
716 1584
716 1586
716 2014
716 2784
716 2486
716 2628
716 1547
716 2252
717 1893
717 1615
717 2850
717 1572
717 2142
717 2940
717 1778
717 2359
717 2272
717 2965
717 2956
717 1657
717 2563
717 2824
717 1994
717 2429
717 2187
717 1741
717 2423
717 1700
717 1790
717 2463
717 2834
717 2902
717 2553
717 2034
717 2244
717 1694
717 1483
717 2600
717 2277
717 2688
717 1631
717 1525
717 2723
717 1554
717 1761
717 2211
717 2248
717 1568
717 1722
717 3005
718 2290
718 1755
718 1799
718 2317
718 1470
719 2857
719 1871
719 1690
719 1635
719 1723
719 1677
719 2094
719 1956
719 2156
719 1675
719 2346
720 2333
720 2128
720 1784
721 2439
721 2086
721 2637
721 2410
721 1955
721 1566
721 1709
721 2013
721 1629
721 1738
721 2202
721 1843
721 2174
721 2189
721 1580
722 2165
722 1476
722 2398
723 1464
724 1598
724 1821
724 2333
724 2128
725 2410
725 1955
725 2439
725 2379
725 1843
725 1629
725 1467
726 2166
726 2810
726 2777
726 2827
726 2979
726 3004
726 2935
726 2331
726 2183
726 2976
726 1568
726 2708
726 1915
726 1760
726 1540
726 1958
726 1500
726 1985
726 1881
726 1480
726 2218
726 2000
726 2547
726 2657
726 1597
726 2020
726 1710
726 1979
726 2512
726 1823
726 1836
726 2205
726 1488
726 2544
726 1578
726 2434
726 2560
726 1796
726 2577
726 2044
726 2888
726 2184
726 1561
726 1623
726 2644
726 2999
726 1465
726 2453
726 2666
726 2909
726 1656
726 2739
726 2490
726 2729
726 2474
726 1492
726 2800
726 2521
726 2448
726 1671
726 1718
726 1563
726 2363
726 2163
726 2694
726 2194
726 2357
726 2614
726 1716
726 2334
726 2699
726 1817
726 2076
726 1792
726 2162
726 1469
726 2939
726 1670
726 2430
726 2627
726 2860
726 1717
726 2131
726 2436
726 2960
726 2487
726 1503
726 2338
726 1613
726 2568
726 2227
726 2153
726 2844
726 2175
726 2775
726 2383
726 2622
726 2454
726 2332
726 1925
726 1922
726 1949
726 2408
726 2173
726 1683
726 1702
726 2531
726 1641
726 1697
726 1478
726 2683
726 2256
726 2217
726 1534
726 2516
726 1804
726 2017
726 1571
726 2967
726 1494
726 1947
726 1550
726 2435
726 2289
726 2936
726 1893
726 2141
726 2393
726 1589
726 2667
726 2042
726 1865
726 1616
726 1620
726 2456
726 1557
726 2871
726 1909
726 2518
726 1867
726 2949
726 1579
726 2862
726 2840
727 2243
728 2510
729 2862
730 2917
730 1938
730 2930
731 1598
731 1547
731 2252
731 1966
732 1619
732 1674
732 2789
733 1612
733 1642
734 2098
734 2917
734 2930
734 2018
735 2707
736 2930
736 2917
736 2722
736 2388
736 2098
736 1741
736 2003
736 2391
736 2888
737 1845
737 1926
738 2037
738 1809
738 1721
739 1487
739 2534
739 2499
739 2203
739 2257
739 2544
739 2825
739 2538
739 2391
739 1708
739 1966
739 2078
739 1654
739 1813
740 2128
741 2215
741 2584
742 2906
742 2865
742 2883
743 1629
743 1527
743 1843
743 1738
743 1674
743 1467
743 2189
743 1580
743 2273
743 2439
743 2086
743 1809
743 2037
743 1721
743 2013
743 2495
743 2100
743 2379
743 2333
743 2128
744 2324
745 2037
745 1809
746 2073
746 1966
746 2091
746 2739
747 1467
748 2930
748 2917
749 2379
749 2508
749 2411
749 1843
749 2174
749 2189
749 2333
749 2128
749 1784
749 2594
750 1970
750 2373
750 2439
750 2789
750 1809
750 1674
750 1619
750 2381
750 2299
750 2776
751 2257
752 1619
752 1809
752 1674
752 2789
752 1527
752 2037
753 2439
753 1629
753 2410
753 2379
753 1584
754 2724
755 1721
755 1809
755 2037
756 2032
756 2288
756 2788
756 2012
756 2748
756 2923
757 1893
758 2037
758 1809
758 1721
758 1629
758 1566
758 2379
758 2508
758 2439
758 2174
758 1467
758 1738
758 1527
758 1709
758 1843
758 2495
758 2057
758 2381
758 1825
759 2014
759 2784
759 1584
759 1586
759 2486
760 1755
760 2290
760 1799
760 2720
760 1470
761 1926
761 2658
761 1514
762 1765
762 2199
762 1938
763 2917
763 2930
764 1475
765 1522
765 2446
765 2562
766 2028
766 2012
766 2032
766 1471
766 1888
766 2027
766 2921
767 2584
767 2215
768 1988
769 1584
769 1970
769 1586
770 1709
770 2202
770 2375
770 1566
771 1517
771 2799
771 2858
772 1776
772 2072
772 2638
772 1553
772 2198
773 2070
773 2525
773 2583
773 1933
773 1957
774 2263
774 2499
775 2199
775 2417
775 1765
776 1759
776 2406
777 2484
777 2645
778 2439
778 2086
778 1709
778 1843
778 1566
778 2189
778 2174
778 2013
778 2637
778 1629
778 2202
778 1738
778 1955
778 2410
778 2379
778 2508
778 2411
778 1580
779 2810
779 3004
779 2979
779 2422
780 1639
780 2099
781 2905
781 1629
782 2598
782 1467
783 2847
783 2587
784 2859
785 1965
786 2917
786 2930
786 1568
786 1756
786 2417
786 2003
786 2320
787 1475
787 2008
787 1692
788 2948
789 2709
789 1873
789 2269
790 2626
790 2682
791 2522
791 2257
791 2691
791 1988
791 2992
791 1682
791 2640
791 2140
791 1966
792 1889
792 1661
793 2287
793 1669
793 1966
793 2078
794 2352
794 1748
795 1722
795 1497
795 1471
795 2027
795 1982
796 2439
796 2086
796 2290
796 1470
797 1598
798 2396
798 1586
798 2014
799 2270
799 2198
799 1553
799 1776
800 1629
801 2724
802 1610
803 1687
803 2352
803 1748
803 2503
804 2356
805 2356
805 1891
805 1966
805 1575
805 1588
805 2524
806 2611
806 1920
806 2074
806 1821
806 1844
806 2364
806 2318
806 2659
806 2196
806 2304
806 2095
807 1952
807 2459
807 1755
807 2290
807 1799
808 2263
808 1877
808 2413
808 1521
808 1990
808 2642
808 1724
808 1781
808 2236
808 2197
808 2579
808 2125
808 1968
808 2210
808 2312
808 2310
809 1619
809 1970
809 1857
809 2789
809 1527
809 1530
809 2068
810 2356
811 2460
811 1466
811 2892
811 1763
811 2925
811 2859
811 2186
811 2685
812 1570
812 2179
813 2753
813 1484
814 2263
814 1877
814 2413
814 2221
814 1521
814 2052
814 1547
814 2123
814 2067
814 2566
814 2203
815 2410
815 1955
815 2439
815 2086
815 2637
816 2397
816 1543
816 1924
816 2596
817 2086
817 2637
817 2439
817 2189
817 2174
817 1738
817 1955
817 1566
817 1629
817 2013
817 1843
817 2410
817 1709
817 2202
817 2695
818 1547
818 2123
818 2252
818 2396
818 2152
818 2519
818 2120
818 2745
818 1857
818 2561
818 2663
818 2957
818 2819
819 1776
819 2072
819 2638
819 1553
819 2198
819 2047
819 2511
819 2114
819 1966
820 2054
820 1669
821 2439
821 2013
821 2086
821 1629
821 2174
821 1709
821 2637
821 1843
821 1566
821 2189
821 1955
821 2410
821 2202
821 1738
821 1580
821 2379
821 2508
821 2411
821 2333
821 2128
821 2495
822 1610
823 1942
823 1739
824 1596
824 2041
825 2049
825 2249
826 2691
826 1487
826 2522
826 2862
826 1674
826 1966
826 1552
826 1988
826 2257
826 2640
827 1566
828 2333
828 2128
828 1784
828 2509
828 1688
828 1726
828 1590
828 2576
828 2899
829 1505
830 1619
830 1809
830 2037
830 1738
830 1674
830 2789
830 1970
830 2036
830 2014
831 2948
832 1721
832 1809
832 2037
832 1598
832 1753
832 2564
832 1584
832 1586
832 1708
832 2849
833 2439
833 1629
833 2410
833 1955
833 2086
833 2637
833 1566
833 2202
833 1709
833 1636
833 1738
833 1527
833 2268
833 1580
833 1467
833 2379
833 2508
833 1843
833 2174
833 2189
833 1584
833 1586
833 2014
833 2784
833 2486
834 2905
834 2981
834 1924
835 1918
835 2571
835 2483
836 1489
836 1562
836 1773
836 1912
836 1598
836 1462
836 1753
836 2046
836 2011
836 1593
836 2080
836 2243
836 2114
836 1782
836 1755
836 2290
836 1470
836 1799
836 2317
836 1581
836 1665
836 2720
836 1618
836 1775
836 1512
836 2526
836 1652
836 1542
836 2433
836 2942
836 3000
837 1629
837 2439
837 2086
837 2637
837 2379
837 2508
837 1709
837 1467
837 1843
837 2174
837 2189
837 1738
837 1566
837 2410
837 1580
838 2942
838 2356
839 2098
840 2462
840 2524
841 1784
1461 197
1462 558
1462 19
1462 67
1462 836
1463 374
1464 723
1464 411
1465 44
1465 726
1466 811
1467 605
1467 400
1467 93
1467 285
1467 384
1467 387
1467 255
1467 8
1467 182
1467 287
1467 362
1467 168
1467 189
1467 253
1467 115
1467 518
1467 157
1467 589
1467 587
1467 399
1467 538
1467 497
1467 545
1467 191
1467 715
1467 262
1467 453
1467 328
1467 100
1467 446
1467 142
1467 184
1467 603
1467 483
1467 177
1467 53
1467 301
1467 274
1467 264
1467 747
1467 343
1467 701
1467 494
1467 743
1467 213
1467 302
1467 380
1467 496
1467 162
1467 373
1467 521
1467 138
1467 837
1467 782
1467 134
1467 758
1467 467
1467 629
1467 833
1467 725
1468 46
1469 486
1469 726
1470 32
1470 718
1470 536
1470 760
1470 691
1470 592
1470 796
1470 689
1470 836
1471 766
1471 313
1471 349
1471 61
1471 795
1471 695
1471 673
1471 317
1471 307
1472 46
1473 46
1474 242
1475 764
1475 261
1475 787
1475 627
1476 271
1476 489
1476 722
1477 447
1478 87
1478 726
1479 197
1480 726
1481 288
1482 295
1483 717
1484 39
1484 149
1484 813
1485 584
1485 104
1485 269
1485 391
1486 639
1487 510
1487 294
1487 694
1487 504
1487 66
1487 644
1487 675
1487 526
1487 561
1487 425
1487 464
1487 248
1487 9
1487 672
1487 537
1487 544
1487 228
1487 354
1487 26
1487 49
1487 574
1487 475
1487 739
1487 826
1487 653
1487 562
1487 414
1487 193
1487 422
1488 46
1488 75
1488 726
1489 584
1489 685
1489 475
1489 36
1489 689
1489 836
1490 486
1491 486
1492 726
1493 259
1493 46
1493 390
1493 306
1493 618
1493 667
1494 726
1495 583
1496 486
1497 433
1497 795
1498 237
1499 320
1500 726
1501 32
1502 447
1503 726
1504 46
1505 829
1506 659
1507 176
1507 514
1507 95
1508 192
1508 309
1508 35
1509 549
1510 192
1510 309
1510 35
1511 663
1512 836
1513 46
1514 761
1514 479
1514 514
1514 95
1514 260
1515 62
1517 711
1517 771
1517 218
1518 197
1519 46
1520 637
1521 808
1521 82
1521 40
1521 378
1521 619
1521 331
1521 233
1521 104
1521 188
1521 256
1521 229
1521 170
1521 187
1521 15
1521 685
1521 522
1521 290
1521 571
1521 395
1521 368
1521 814
1521 220
1521 426
1521 505
1521 324
1522 765
1523 119
1523 11
1524 242
1525 717
1526 470
1527 448
1527 93
1527 285
1527 186
1527 688
1527 589
1527 680
1527 450
1527 104
1527 179
1527 668
1527 809
1527 71
1527 743
1527 302
1527 615
1527 506
1527 572
1527 138
1527 752
1527 758
1527 434
1527 833
1528 415
1529 486
1530 809
1530 83
1531 604
1532 62
1534 726
1535 46
1536 563
1537 388
1537 104
1537 2
1537 683
1537 567
1537 681
1539 110
1539 154
1539 647
1539 457
1540 726
1541 622
1542 836
1543 816
1544 46
1545 486
1546 46
1547 82
1547 716
1547 731
1547 417
1547 237
1547 644
1547 104
1547 288
1547 229
1547 187
1547 818
1547 290
1547 393
1547 395
1547 814
1547 426
1548 176
1549 203
1550 726
1551 673
1552 257
1552 558
1552 826
1553 682
1553 115
1553 799
1553 584
1553 104
1553 298
1553 357
1553 702
1553 819
1553 235
1553 269
1553 772
1553 670
1553 391
1554 717
1555 156
1556 635
1557 726
1558 197
1559 334
1559 532
1559 573
1559 564
1559 643
1559 81
1559 120
1559 710
1560 156
1561 726
1562 697
1562 106
1562 836
1563 726
1565 306
1566 80
1566 400
1566 93
1566 817
1566 285
1566 384
1566 238
1566 778
1566 590
1566 821
1566 168
1566 253
1566 589
1566 538
1566 450
1566 715
1566 262
1566 500
1566 131
1566 216
1566 483
1566 177
1566 721
1566 671
1566 494
1566 524
1566 103
1566 213
1566 302
1566 615
1566 133
1566 162
1566 33
1566 105
1566 224
1566 138
1566 837
1566 490
1566 531
1566 770
1566 134
1566 758
1566 827
1566 434
1566 638
1566 833
1566 183
1567 504
1568 717
1568 726
1568 786
1569 504
1569 644
1570 812
1570 371
1571 726
1572 717
1573 46
1574 222
1575 267
1575 805
1576 87
1577 46
1578 644
1578 726
1579 726
1580 400
1580 93
1580 285
1580 384
1580 778
1580 821
1580 253
1580 589
1580 399
1580 450
1580 500
1580 328
1580 483
1580 177
1580 721
1580 671
1580 274
1580 494
1580 743
1580 302
1580 138
1580 837
1580 434
1580 833
1581 836
1582 400
1582 501
1582 437
1582 177
1583 46
1584 98
1584 215
1584 400
1584 93
1584 285
1584 716
1584 182
1584 292
1584 287
1584 335
1584 551
1584 253
1584 518
1584 589
1584 832
1584 655
1584 399
1584 38
1584 538
1584 458
1584 437
1584 715
1584 262
1584 453
1584 100
1584 769
1584 759
1584 753
1584 21
1584 177
1584 640
1584 274
1584 701
1584 71
1584 597
1584 702
1584 213
1584 302
1584 413
1584 250
1584 5
1584 373
1584 521
1584 138
1584 487
1584 449
1584 687
1584 27
1584 648
1584 444
1584 12
1584 833
1585 87
1585 104
1586 98
1586 215
1586 400
1586 285
1586 716
1586 287
1586 335
1586 589
1586 832
1586 399
1586 38
1586 538
1586 458
1586 191
1586 437
1586 715
1586 676
1586 262
1586 769
1586 759
1586 21
1586 177
1586 640
1586 274
1586 701
1586 702
1586 213
1586 302
1586 413
1586 798
1586 250
1586 5
1586 145
1586 373
1586 521
1586 138
1586 487
1586 449
1586 687
1586 27
1586 648
1586 12
1586 833
1588 267
1588 675
1588 805
1589 726
1590 828
1591 46
1592 102
1593 836
1595 416
1595 136
1595 268
1596 824
1597 726
1598 251
1598 601
1598 731
1598 419
1598 832
1598 437
1598 797
1598 485
1598 631
1598 625
1598 558
1598 239
1598 666
1598 36
1598 703
1598 724
1598 568
1598 19
1598 353
1598 127
1598 391
1598 520
1598 836
1599 663
1600 46
1601 486
1603 673
1604 469
1605 400
1605 707
1605 252
1606 345
1607 62
1607 4
1607 604
1608 288
1609 156
1610 295
1610 583
1610 296
1610 822
1610 802
1611 46
1612 304
1612 733
1613 46
1613 486
1613 726
1614 46
1615 46
1615 717
1616 726
1617 400
1617 93
1617 253
1617 589
1617 262
1617 184
1617 494
1617 302
1618 836
1619 700
1619 400
1619 270
1619 732
1619 237
1619 713
1619 383
1619 492
1619 137
1619 214
1619 750
1619 709
1619 342
1619 102
1619 809
1619 231
1619 83
1619 669
1619 232
1619 26
1619 613
1619 615
1619 664
1619 321
1619 339
1619 51
1619 219
1619 752
1619 830
1620 726
1622 18
1623 433
1623 726
1623 254
1624 486
1625 300
1626 451
1627 386
1628 46
1629 400
1629 93
1629 817
1629 285
1629 384
1629 238
1629 778
1629 821
1629 168
1629 253
1629 688
1629 657
1629 589
1629 800
1629 399
1629 538
1629 781
1629 715
1629 262
1629 328
1629 131
1629 216
1629 753
1629 632
1629 565
1629 483
1629 177
1629 721
1629 671
1629 274
1629 207
1629 701
1629 494
1629 597
1629 743
1629 103
1629 213
1629 302
1629 250
1629 133
1629 162
1629 105
1629 373
1629 521
1629 138
1629 626
1629 837
1629 490
1629 303
1629 581
1629 97
1629 134
1629 758
1629 638
1629 833
1629 725
1631 717
1632 333
1633 689
1634 130
1634 684
1634 405
1634 527
1634 165
1634 558
1634 155
1634 552
1634 260
1635 719
1635 451
1636 285
1636 589
1636 500
1636 302
1636 138
1636 833
1637 659
1637 562
1638 46
1638 678
1639 780
1640 156
1641 726
1642 733
1643 125
1644 55
1645 87
1646 46
1647 635
1648 46
1648 562
1652 32
1652 836
1653 46
1654 739
1655 364
1655 583
1656 44
1656 726
1657 717
1659 1
1660 197
1660 534
1660 611
1660 194
1660 514
1660 95
1660 463
1661 792
1664 486
1665 836
1666 469
1667 400
1667 384
1667 428
1667 262
1667 328
1667 396
1667 184
1667 91
1667 302
1667 521
1667 499
1668 190
1668 707
1669 793
1669 388
1669 663
1669 309
1669 820
1670 726
1670 374
1671 726
1671 125
1672 120
1673 638
1674 400
1674 270
1674 732
1674 237
1674 713
1674 492
1674 214
1674 750
1674 709
1674 102
1674 231
1674 494
1674 743
1674 83
1674 669
1674 26
1674 613
1674 664
1674 339
1674 826
1674 51
1674 219
1674 752
1674 830
1675 719
1677 719
1678 288
1680 46
1681 46
1682 791
1683 726
1684 46
1685 42
1685 156
1686 563
1687 803
1688 828
1689 156
1690 719
1691 46
1692 787
1694 717
1695 486
1696 309
1697 726
1699 433
1700 717
1701 427
1701 156
1702 726
1704 486
1705 217
1705 374
1706 462
1707 484
1708 400
1708 832
1708 237
1708 739
1708 626
1709 607
1709 400
1709 817
1709 285
1709 778
1709 821
1709 589
1709 132
1709 500
1709 131
1709 278
1709 721
1709 524
1709 302
1709 133
1709 138
1709 837
1709 369
1709 490
1709 770
1709 758
1709 638
1709 833
1709 183
1710 661
1710 591
1710 338
1710 726
1710 408
1710 493
1710 10
1710 582
1711 309
1712 245
1712 604
1713 486
1714 70
1715 364
1716 156
1716 726
1717 726
1718 726
1719 125
1720 355
1720 529
1721 93
1721 379
1721 258
1721 508
1721 182
1721 275
1721 478
1721 186
1721 189
1721 832
1721 712
1721 20
1721 450
1721 263
1721 100
1721 177
1721 271
1721 755
1721 494
1721 743
1721 503
1721 103
1721 339
1721 243
1721 572
1721 317
1721 547
1721 533
1721 758
1721 738
1722 641
1722 795
1722 717
1723 719
1724 808
1724 40
1724 378
1724 619
1724 331
1724 104
1724 256
1724 15
1724 685
1724 522
1724 571
1724 368
1724 220
1724 505
1725 641
1726 828
1727 252
1730 46
1733 637
1733 462
1734 514
1735 150
1735 360
1735 194
1735 514
1735 95
1735 463
1736 109
1737 46
1738 515
1738 400
1738 93
1738 817
1738 285
1738 384
1738 778
1738 821
1738 253
1738 518
1738 657
1738 589
1738 399
1738 538
1738 96
1738 262
1738 131
1738 498
1738 632
1738 177
1738 721
1738 28
1738 274
1738 701
1738 494
1738 597
1738 743
1738 103
1738 213
1738 302
1738 133
1738 373
1738 138
1738 837
1738 490
1738 303
1738 830
1738 134
1738 758
1738 638
1738 833
1739 515
1739 537
1739 823
1739 562
1740 501
1741 717
1741 736
1742 400
1742 534
1742 514
1743 400
1743 707
1743 252
1744 304
1744 298
1744 227
1745 635
1746 143
1746 539
1747 507
1748 803
1748 794
1749 486
1750 46
1751 486
1752 563
1753 832
1753 836
1754 549
1755 32
1755 682
1755 56
1755 718
1755 610
1755 760
1755 691
1755 592
1755 689
1755 807
1755 836
1756 659
1756 786
1757 309
1759 776
1759 72
1760 46
1760 726
1760 245
1760 211
1761 717
1762 110
1763 811
1764 190
1764 624
1765 356
1765 762
1765 178
1765 126
1765 421
1765 775
1766 562
1767 679
1768 46
1769 486
1770 403
1771 195
1771 452
1773 36
1773 836
1774 565
1775 836
1776 682
1776 115
1776 799
1776 584
1776 104
1776 298
1776 357
1776 702
1776 819
1776 235
1776 269
1776 772
1776 670
1776 391
1777 242
1777 130
1777 197
1777 534
1777 128
1777 479
1777 514
1778 717
1779 345
1779 477
1780 341
1781 808
1781 40
1781 378
1781 619
1781 331
1781 104
1781 256
1781 377
1781 15
1781 685
1781 522
1781 571
1781 368
1781 220
1781 505
1782 115
1782 142
1782 516
1782 391
1782 836
1783 614
1784 80
1784 349
1784 749
1784 61
1784 634
1784 828
1784 841
1784 489
1784 720
1784 33
1784 224
1784 602
1784 495
1784 14
1785 41
1785 482
1786 46
1787 122
1787 614
1788 501
1789 486
1790 717
1790 563
1790 710
1790 125
1792 726
1793 466
1794 452
1795 197
1795 514
1796 726
1798 348
1799 32
1799 56
1799 718
1799 760
1799 691
1799 592
1799 689
1799 807
1799 836
1800 451
1801 568
1802 104
1803 486
1804 726
1805 563
1806 414
1807 469
1808 309
1809 400
1809 93
1809 379
1809 508
1809 478
1809 189
1809 657
1809 832
1809 538
1809 745
1809 712
1809 20
1809 237
1809 450
1809 715
1809 262
1809 263
1809 535
1809 131
1809 100
1809 177
1809 750
1809 22
1809 274
1809 271
1809 755
1809 494
1809 743
1809 103
1809 213
1809 496
1809 250
1809 339
1809 243
1809 172
1809 317
1809 533
1809 752
1809 830
1809 758
1809 738
1810 562
1811 293
1812 17
1813 486
1813 739
1814 710
1815 582
1816 473
1817 726
1818 673
1819 46
1820 486
1821 6
1821 39
1821 257
1821 387
1821 304
1821 87
1821 253
1821 806
1821 688
1821 355
1821 437
1821 454
1821 192
1821 262
1821 584
1821 662
1821 631
1821 498
1821 420
1821 177
1821 201
1821 301
1821 309
1821 103
1821 404
1821 410
1821 35
1821 703
1821 724
1821 568
1821 303
1821 414
1821 581
1821 391
1821 520
1823 726
1824 46
1825 213
1825 758
1826 125
1827 77
1828 659
1829 72
1830 150
1830 360
1830 194
1830 514
1830 95
1830 463
1831 67
1832 501
1833 104
1834 305
1834 641
1834 365
1834 609
1834 52
1834 623
1835 197
1836 75
1836 726
1837 46
1838 46
1839 309
1840 451
1841 43
1842 456
1842 203
1843 400
1843 93
1843 817
1843 285
1843 384
1843 275
1843 708
1843 778
1843 821
1843 87
1843 64
1843 589
1843 279
1843 132
1843 262
1843 584
1843 749
1843 328
1843 61
1843 131
1843 344
1843 502
1843 721
1843 671
1843 271
1843 701
1843 460
1843 494
1843 743
1843 103
1843 489
1843 302
1843 133
1843 350
1843 35
1843 317
1843 138
1843 837
1843 490
1843 348
1843 134
1843 758
1843 638
1843 833
1843 725
1844 806
1845 130
1845 221
1845 737
1846 583
1846 404
1848 190
1849 431
1850 45
1851 451
1852 46
1853 46
1854 659
1855 140
1856 59
1856 600
1857 186
1857 104
1857 288
1857 809
1857 818
1857 449
1857 455
1858 563
1859 374
1860 563
1861 644
1862 486
1863 156
1864 534
1865 726
1867 726
1868 486
1869 486
1870 673
1870 307
1871 719
1872 610
1872 312
1872 600
1872 391
1873 789
1873 296
1874 46
1876 486
1877 808
1877 82
1877 40
1877 378
1877 619
1877 331
1877 233
1877 104
1877 359
1877 188
1877 256
1877 229
1877 170
1877 187
1877 15
1877 685
1877 522
1877 290
1877 571
1877 395
1877 368
1877 814
1877 220
1877 426
1877 505
1877 236
1877 324
1878 46
1879 75
1880 104
1881 726
1881 211
1882 306
1883 562
1884 366
1884 663
1884 668
1884 339
1885 562
1886 144
1887 710
1888 766
1888 317
1889 617
1889 173
1889 164
1889 117
1889 792
1889 152
1889 650
1891 327
1891 259
1891 267
1891 805
1891 65
1892 694
1893 757
1893 46
1893 486
1893 717
1893 726
1894 108
1894 338
1894 86
1894 637
1894 203
1894 374
1895 486
1897 486
1898 637
1900 13
1900 44
1901 594
1902 334
1902 532
1902 311
1902 710
1903 197
1904 459
1905 699
1905 333
1906 653
1907 41
1907 482
1908 70
1909 726
1910 501
1911 94
1912 707
1912 631
1912 558
1912 106
1912 836
1913 266
1914 114
1914 628
1915 726
1916 46
1917 46
1918 835
1919 194
1920 806
1920 430
1920 677
1920 166
1920 31
1920 249
1920 594
1921 90
1921 276
1921 401
1922 726
1923 462
1924 816
1924 46
1924 834
1924 75
1925 726
1926 130
1926 761
1926 737
1927 46
1928 641
1928 52
1929 289
1930 203
1931 293
1932 622
1933 46
1933 773
1934 433
1935 647
1936 146
1937 501
1938 762
1938 730
1939 46
1940 466
1941 562
1942 515
1942 537
1942 823
1942 562
1944 486
1945 242
1945 197
1945 479
1946 693
1947 726
1948 501
1949 726
1950 563
1951 400
1951 501
1951 437
1951 177
1951 520
1952 295
1952 230
1952 471
1952 807
1953 486
1954 99
1955 817
1955 285
1955 778
1955 821
1955 253
1955 450
1955 815
1955 721
1955 701
1955 302
1955 133
1955 138
1955 490
1955 531
1955 833
1955 725
1956 719
1956 563
1957 46
1957 773
1958 726
1960 203
1961 456
1961 108
1962 318
1962 338
1962 582
1963 693
1964 443
1965 785
1966 564
1966 731
1966 746
1966 620
1966 793
1966 13
1966 504
1966 267
1966 684
1966 644
1966 425
1966 485
1966 509
1966 423
1966 201
1966 187
1966 309
1966 698
1966 819
1966 805
1966 290
1966 475
1966 393
1966 36
1966 739
1966 826
1966 562
1966 146
1966 791
1966 462
1966 414
1966 55
1966 226
1968 808
1968 40
1968 378
1968 619
1968 331
1968 104
1968 256
1968 15
1968 685
1968 522
1968 571
1968 368
1968 220
1968 505
1969 125
1970 705
1970 186
1970 237
1970 104
1970 769
1970 366
1970 663
1970 750
1970 668
1970 809
1970 496
1970 572
1970 830
1971 583
1972 291
1972 612
1973 447
1974 197
1974 534
1974 360
1974 611
1974 128
1974 194
1974 479
1974 514
1974 95
1974 463
1975 104
1975 663
1976 136
1977 604
1978 486
1979 726
1980 501
1981 560
1981 266
1982 795
1983 70
1985 726
1986 454
1986 584
1987 46
1988 24
1988 205
1988 92
1988 407
1988 124
1988 330
1988 768
1988 13
1988 481
1988 645
1988 361
1988 337
1988 704
1988 60
1988 44
1988 397
1988 698
1988 174
1988 621
1988 129
1988 606
1988 826
1988 791
1988 438
1988 658
1989 46
1990 808
1990 40
1990 378
1990 619
1990 331
1990 104
1990 256
1990 377
1990 15
1990 685
1990 522
1990 571
1990 368
1990 220
1990 505
1991 563
1992 87
1993 104
1993 583
1994 717
1996 75
1997 379
1998 270
1999 204
2000 726
2001 245
2002 63
2003 614
2003 736
2003 786
2004 477
2005 156
2006 562
2007 501
2008 261
2008 787
2009 55
2010 46
2011 836
2012 766
2012 37
2012 86
2012 756
2012 203
2012 293
2013 93
2013 817
2013 384
2013 778
2013 821
2013 168
2013 657
2013 132
2013 262
2013 500
2013 131
2013 721
2013 283
2013 494
2013 597
2013 743
2013 302
2013 133
2013 490
2013 648
2013 638
2014 98
2014 215
2014 400
2014 285
2014 716
2014 287
2014 335
2014 551
2014 253
2014 589
2014 399
2014 38
2014 538
2014 437
2014 715
2014 262
2014 759
2014 21
2014 177
2014 640
2014 274
2014 701
2014 702
2014 213
2014 302
2014 413
2014 798
2014 250
2014 5
2014 145
2014 373
2014 521
2014 138
2014 487
2014 449
2014 426
2014 687
2014 27
2014 830
2014 12
2014 833
2015 563
2016 46
2017 726
2018 196
2018 734
2018 707
2018 649
2018 319
2018 282
2018 562
2018 200
2018 55
2018 541
2019 46
2020 726
2022 46
2023 87
2024 320
2024 469
2025 584
2025 269
2025 391
2026 486
2027 766
2027 795
2028 635
2028 766
2028 37
2029 88
2030 46
2030 42
2030 156
2031 107
2032 635
2032 766
2032 62
2032 37
2032 756
2032 441
2032 203
2033 46
2034 717
2035 46
2036 668
2036 449
2036 830
2037 400
2037 93
2037 379
2037 508
2037 189
2037 518
2037 657
2037 832
2037 538
2037 745
2037 96
2037 712
2037 237
2037 450
2037 715
2037 262
2037 263
2037 100
2037 498
2037 420
2037 177
2037 22
2037 271
2037 755
2037 494
2037 597
2037 743
2037 103
2037 213
2037 250
2037 339
2037 243
2037 172
2037 317
2037 547
2037 533
2037 752
2037 830
2037 134
2037 758
2037 738
2037 391
2037 434
2038 501
2039 104
2041 824
2042 726
2043 46
2044 185
2044 315
2044 726
2044 72
2045 130
2045 165
2046 36
2046 836
2047 601
2047 304
2047 253
2047 419
2047 298
2047 142
2047 632
2047 2
2047 102
2047 537
2047 702
2047 819
2047 223
2047 350
2047 410
2047 521
2047 227
2049 825
2050 433
2052 82
2052 40
2052 104
2052 188
2052 256
2052 229
2052 170
2052 187
2052 15
2052 685
2052 522
2052 290
2052 395
2052 814
2052 220
2052 426
2052 505
2053 46
2054 820
2055 470
2056 241
2057 400
2057 379
2057 213
2057 302
2057 758
2058 534
2058 611
2058 194
2058 479
2058 514
2058 463
2059 291
2059 612
2060 79
2061 469
2062 130
2062 611
2062 479
2062 95
2062 463
2063 411
2065 486
2067 82
2067 104
2067 229
2067 187
2067 290
2067 393
2067 395
2067 814
2067 426
2068 437
2068 177
2068 558
2068 809
2070 773
2071 141
2072 682
2072 298
2072 507
2072 357
2072 702
2072 819
2072 235
2072 772
2072 670
2073 746
2073 513
2073 468
2074 257
2074 806
2074 234
2074 297
2074 430
2074 300
2074 246
2074 546
2074 677
2074 166
2074 367
2074 31
2074 249
2074 594
2074 390
2074 208
2075 509
2076 726
2078 793
2078 453
2078 201
2078 102
2078 264
2078 739
2078 562
2079 563
2080 836
2081 110
2082 380
2083 486
2084 380
2085 537
2086 93
2086 817
2086 285
2086 384
2086 778
2086 821
2086 168
2086 253
2086 589
2086 435
2086 450
2086 565
2086 483
2086 815
2086 721
2086 701
2086 494
2086 743
2086 302
2086 133
2086 410
2086 138
2086 626
2086 837
2086 490
2086 531
2086 796
2086 638
2086 833
2087 486
2088 110
2090 156
2091 746
2092 477
2093 295
2094 719
2095 806
2096 156
2097 46
2098 39
2098 734
2098 564
2098 643
2098 509
2098 599
2098 296
2098 736
2098 839
2098 392
2098 412
2098 652
2098 175
2098 562
2098 120
2098 200
2098 152
2098 374
2099 780
2100 184
2100 743
2101 46
2102 445
2102 661
2102 480
2102 121
2102 654
2103 345
2104 93
2104 253
2104 538
2104 66
2104 715
2104 274
2104 213
2104 424
2105 588
2106 46
2108 63
2109 486
2110 143
2112 171
2113 694
2114 39
2114 304
2114 115
2114 298
2114 142
2114 357
2114 819
2114 670
2114 836
2115 656
2116 87
2116 310
2117 46
2118 614
2119 534
2120 104
2120 288
2120 818
2121 108
2121 336
2121 540
2121 86
2121 203
2121 293
2122 197
2123 98
2123 82
2123 549
2123 237
2123 104
2123 288
2123 229
2123 187
2123 818
2123 290
2123 393
2123 395
2123 814
2123 426
2124 46
2124 197
2125 808
2125 40
2125 378
2125 619
2125 331
2125 104
2125 256
2125 377
2125 15
2125 685
2125 522
2125 571
2125 368
2125 220
2125 505
2126 635
2127 130
2128 548
2128 80
2128 642
2128 384
2128 491
2128 89
2128 240
2128 821
2128 646
2128 87
2128 265
2128 349
2128 538
2128 66
2128 749
2128 61
2128 634
2128 34
2128 828
2128 595
2128 740
2128 76
2128 743
2128 566
2128 489
2128 181
2128 720
2128 350
2128 424
2128 33
2128 724
2128 224
2128 317
2128 332
2128 602
2128 495
2128 411
2128 14
2128 588
2128 398
2130 114
2130 628
2131 726
2132 46
2133 245
2133 299
2133 119
2133 11
2133 203
2134 46
2135 388
2136 334
2136 125
2137 559
2138 56
2138 610
2139 39
2139 304
2139 298
2139 507
2139 357
2139 670
2140 244
2140 104
2140 472
2140 670
2140 791
2141 726
2142 717
2143 686
2144 144
2145 635
2146 77
2147 686
2147 374
2148 612
2149 176
2150 486
2152 478
2152 237
2152 104
2152 288
2152 342
2152 818
2153 726
2154 532
2154 710
2155 276
2156 719
2157 242
2158 46
2159 583
2160 466
2161 360
2161 479
2161 514
2161 95
2162 726
2163 726
2163 710
2163 125
2164 612
2165 379
2165 275
2165 20
2165 450
2165 535
2165 565
2165 184
2165 271
2165 489
2165 722
2165 432
2166 46
2166 726
2167 563
2168 46
2169 195
2170 507
2171 46
2173 726
2174 817
2174 285
2174 384
2174 708
2174 778
2174 821
2174 87
2174 64
2174 589
2174 262
2174 584
2174 749
2174 61
2174 131
2174 580
2174 344
2174 502
2174 721
2174 271
2174 701
2174 494
2174 489
2174 302
2174 133
2174 350
2174 35
2174 138
2174 837
2174 490
2174 531
2174 348
2174 758
2174 638
2174 833
2175 726
2176 46
2177 46
2178 313
2178 511
2179 812
2179 371
2180 334
2180 532
2180 311
2180 710
2181 563
2182 297
2183 726
2184 726
2185 110
2186 811
2187 717
2189 817
2189 285
2189 384
2189 238
2189 708
2189 778
2189 821
2189 87
2189 64
2189 589
2189 262
2189 584
2189 749
2189 61
2189 483
2189 721
2189 671
2189 271
2189 701
2189 494
2189 743
2189 489
2189 302
2189 133
2189 350
2189 138
2189 837
2189 490
2189 348
2189 638
2189 833
2190 286
2191 486
2192 309
2193 46
2193 380
2194 726
2194 374
2195 534
2195 463
2196 806
2197 808
2197 40
2197 378
2197 619
2197 331
2197 104
2197 188
2197 256
2197 575
2197 286
2197 15
2197 685
2197 522
2197 74
2197 571
2197 106
2197 368
2197 220
2197 505
2197 236
2198 682
2198 115
2198 799
2198 584
2198 104
2198 298
2198 357
2198 819
2198 235
2198 269
2198 772
2198 670
2198 391
2199 762
2199 29
2199 775
2200 486
2201 156
2202 607
2202 400
2202 93
2202 817
2202 285
2202 384
2202 778
2202 821
2202 589
2202 132
2202 500
2202 131
2202 278
2202 721
2202 524
2202 302
2202 615
2202 133
2202 33
2202 224
2202 138
2202 369
2202 490
2202 770
2202 434
2202 638
2202 833
2202 183
2203 508
2203 507
2203 709
2203 290
2203 393
2203 739
2203 814
2204 486
2205 726
2206 379
2207 125
2208 304
2208 298
2208 702
2209 146
2209 341
2210 808
2210 40
2210 378
2210 619
2210 331
2210 256
2210 15
2210 685
2210 522
2210 571
2210 368
2210 220
2210 505
2211 717
2212 110
2213 486
2214 411
2215 433
2215 741
2215 767
2215 376
2215 347
2217 726
2218 726
2219 562
2220 156
2221 82
2221 40
2221 104
2221 188
2221 256
2221 229
2221 170
2221 187
2221 15
2221 685
2221 522
2221 290
2221 395
2221 814
2221 220
2221 426
2221 505
2222 242
2222 197
2222 479
2223 46
2224 194
2225 56
2225 381
2225 610
2225 663
2225 309
2225 572
2226 663
2226 496
2227 726
2228 156
2229 1
2230 104
2230 663
2233 563
2236 808
2236 40
2236 151
2236 378
2236 619
2236 331
2236 104
2236 256
2236 575
2236 15
2236 685
2236 522
2236 571
2236 106
2236 220
2236 505
2237 110
2237 470
2238 402
2239 635
2240 73
2240 296
2241 486
2242 663
2243 115
2243 429
2243 142
2243 727
2243 58
2243 391
2243 836
2244 717
2246 280
2247 84
2248 717
2249 659
2249 825
2249 637
2250 46
2251 675
2252 716
2252 731
2252 417
2252 237
2252 104
2252 288
2252 818
2254 560
2255 427
2255 686
2256 726
2257 418
2257 325
2257 694
2257 352
2257 504
2257 57
2257 326
2257 198
2257 706
2257 526
2257 632
2257 423
2257 201
2257 9
2257 228
2257 354
2257 525
2257 389
2257 751
2257 517
2257 49
2257 153
2257 310
2257 739
2257 826
2257 791
2257 414
2257 193
2257 135
2257 658
2258 635
2259 46
2260 197
2260 479
2261 366
2261 565
2261 668
2261 339
2262 371
2263 808
2263 82
2263 93
2263 40
2263 151
2263 378
2263 619
2263 331
2263 233
2263 104
2263 359
2263 580
2263 188
2263 256
2263 774
2263 663
2263 229
2263 2
2263 377
2263 170
2263 683
2263 187
2263 523
2263 15
2263 685
2263 522
2263 290
2263 393
2263 571
2263 395
2263 368
2263 814
2263 681
2263 220
2263 600
2263 426
2263 689
2263 505
2263 212
2263 236
2263 324
2264 288
2265 469
2266 498
2267 104
2268 400
2268 93
2268 285
2268 384
2268 253
2268 589
2268 262
2268 483
2268 177
2268 494
2268 213
2268 302
2268 138
2268 303
2268 833
2269 789
2270 115
2270 799
2270 584
2270 269
2270 391
2271 454
2272 717
2273 93
2273 253
2273 538
2273 715
2273 595
2273 274
2273 494
2273 743
2273 162
2274 46
2275 501
2276 197
2277 717
2278 327
2278 390
2278 618
2280 201
2281 237
2281 613
2282 46
2283 312
2283 206
2284 140
2284 550
2284 394
2285 203
2286 635
2287 284
2287 793
2287 201
2287 309
2287 578
2288 456
2288 108
2288 62
2288 507
2288 86
2288 756
2288 441
2288 203
2289 486
2289 726
2290 32
2290 56
2290 718
2290 536
2290 610
2290 760
2290 691
2290 471
2290 592
2290 796
2290 689
2290 807
2290 836
2291 486
2292 360
2292 479
2293 660
2294 46
2295 451
2296 682
2296 507
2296 391
2297 486
2298 196
2299 750
2300 537
2301 94
2302 46
2304 806
2305 55
2306 46
2307 416
2307 136
2307 268
2308 110
2309 156
2310 808
2310 40
2310 378
2310 619
2310 331
2310 256
2310 15
2310 685
2310 522
2310 571
2310 368
2310 220
2310 505
2311 282
2311 673
2311 7
2312 808
2312 40
2312 378
2312 619
2312 331
2312 256
2312 15
2312 685
2312 522
2312 571
2312 368
2312 220
2312 505
2313 46
2314 486
2315 46
2316 379
2317 718
2317 836
2318 806
2319 486
2320 786
2323 257
2323 662
2323 517
2323 210
2323 146
2324 744
2324 442
2324 322
2325 433
2325 46
2326 46
2327 486
2328 73
2328 622
2329 45
2330 477
2331 726
2332 726
2333 548
2333 80
2333 39
2333 384
2333 89
2333 240
2333 821
2333 646
2333 87
2333 265
2333 349
2333 538
2333 66
2333 584
2333 749
2333 61
2333 634
2333 828
2333 595
2333 76
2333 743
2333 566
2333 489
2333 720
2333 424
2333 33
2333 724
2333 224
2333 317
2333 602
2333 495
2333 411
2333 14
2333 588
2333 434
2334 156
2334 726
2335 140
2336 486
2337 180
2338 726
2340 46
2341 620
2341 554
2341 619
2341 233
2341 188
2341 377
2341 54
2341 220
2341 505
2341 212
2341 324
2342 693
2343 583
2344 484
2345 663
2346 719
2347 288
2348 72
2349 450
2349 104
2350 190
2352 803
2352 794
2352 306
2355 563
2356 267
2356 804
2356 296
2356 805
2356 838
2356 810
2357 726
2358 46
2359 717
2360 584
2360 269
2360 391
2361 46
2362 534
2363 46
2363 726
2364 806
2365 252
2366 260
2367 104
2368 486
2369 156
2371 1
2373 139
2373 750
2373 363
2374 46
2375 500
2375 131
2375 494
2375 524
2375 369
2375 770
2375 183
2376 644
2378 334
2378 532
2378 311
2378 710
2379 6
2379 400
2379 93
2379 285
2379 384
2379 275
2379 778
2379 821
2379 87
2379 253
2379 518
2379 64
2379 589
2379 20
2379 192
2379 262
2379 584
2379 749
2379 535
2379 328
2379 61
2379 370
2379 131
2379 100
2379 753
2379 483
2379 177
2379 701
2379 316
2379 743
2379 103
2379 702
2379 16
2379 489
2379 213
2379 302
2379 133
2379 350
2379 160
2379 35
2379 373
2379 521
2379 317
2379 138
2379 568
2379 837
2379 303
2379 169
2379 586
2379 581
2379 134
2379 227
2379 758
2379 391
2379 833
2379 725
2380 190
2380 624
2381 93
2381 115
2381 750
2381 339
2381 758
2382 345
2382 477
2383 486
2383 726
2384 46
2385 504
2385 644
2385 414
2386 46
2387 614
2388 736
2390 562
2391 564
2391 123
2391 643
2391 509
2391 111
2391 296
2391 736
2391 652
2391 739
2391 562
2391 120
2391 374
2392 349
2393 726
2394 46
2395 705
2396 292
2396 335
2396 417
2396 237
2396 676
2396 104
2396 288
2396 818
2396 798
2396 145
2396 572
2397 816
2398 722
2399 46
2400 253
2401 479
2401 514
2401 260
2402 73
2403 234
2403 246
2404 653
2405 46
2406 776
2407 190
2408 726
2409 46
2410 93
2410 817
2410 285
2410 384
2410 778
2410 821
2410 253
2410 589
2410 450
2410 753
2410 632
2410 565
2410 483
2410 815
2410 721
2410 701
2410 283
2410 597
2410 302
2410 133
2410 223
2410 424
2410 105
2410 373
2410 138
2410 837
2410 490
2410 531
2410 581
2410 97
2410 648
2410 833
2410 725
2411 6
2411 400
2411 778
2411 821
2411 87
2411 64
2411 192
2411 262
2411 584
2411 749
2411 61
2411 131
2411 177
2411 701
2411 316
2411 702
2411 489
2411 213
2411 133
2411 350
2411 160
2411 35
2411 373
2411 138
2411 568
2411 303
2411 169
2411 586
2411 391
2412 88
2412 43
2413 808
2413 82
2413 40
2413 378
2413 619
2413 331
2413 233
2413 104
2413 359
2413 188
2413 256
2413 229
2413 170
2413 187
2413 15
2413 685
2413 522
2413 290
2413 571
2413 395
2413 368
2413 814
2413 220
2413 426
2413 505
2413 236
2413 324
2414 486
2415 486
2416 486
2417 564
2417 509
2417 563
2417 652
2417 120
2417 786
2417 775
2417 374
2418 549
2420 486
2422 779
2423 717
2424 379
2424 20
2424 271
2425 663
2426 46
2427 70
2428 55
2429 717
2430 726
2431 306
2432 209
2433 32
2433 836
2434 726
2434 125
2435 726
2436 726
2437 46
2437 537
2438 46
2439 705
2439 93
2439 379
2439 817
2439 285
2439 384
2439 238
2439 778
2439 590
2439 821
2439 168
2439 253
2439 115
2439 589
2439 538
2439 435
2439 450
2439 262
2439 131
2439 753
2439 632
2439 565
2439 483
2439 177
2439 750
2439 815
2439 721
2439 671
2439 274
2439 668
2439 207
2439 701
2439 71
2439 494
2439 597
2439 743
2439 213
2439 302
2439 133
2439 162
2439 223
2439 410
2439 105
2439 461
2439 373
2439 521
2439 138
2439 626
2439 837
2439 490
2439 531
2439 303
2439 796
2439 432
2439 581
2439 97
2439 227
2439 648
2439 758
2439 638
2439 833
2439 725
2440 70
2441 635
2441 26
2442 46
2442 320
2443 143
2444 190
2444 624
2445 536
2446 765
2447 46
2448 726
2449 107
2450 334
2450 532
2450 573
2450 564
2450 643
2450 120
2450 311
2450 710
2451 37
2452 415
2453 185
2453 315
2453 726
2453 72
2454 726
2455 156
2456 726
2458 299
2458 119
2458 11
2459 304
2459 610
2459 340
2459 25
2459 230
2459 77
2459 807
2460 811
2461 304
2461 102
2461 391
2462 557
2462 272
2462 840
2462 636
2462 616
2462 665
2463 717
2464 125
2465 486
2466 563
2467 46
2468 72
2469 125
2470 674
2470 101
2470 167
2470 474
2472 345
2474 726
2475 661
2475 423
2475 550
2475 239
2475 269
2475 636
2475 562
2476 486
2477 46
2479 176
2480 714
2480 70
2481 85
2481 78
2481 70
2481 372
2481 226
2482 110
2482 154
2482 577
2483 835
2484 62
2484 777
2485 73
2485 622
2486 215
2486 400
2486 285
2486 716
2486 287
2486 589
2486 38
2486 538
2486 715
2486 262
2486 759
2486 177
2486 274
2486 701
2486 702
2486 213
2486 302
2486 250
2486 373
2486 521
2486 138
2486 487
2486 687
2486 27
2486 12
2486 833
2487 726
2488 486
2489 125
2490 726
2491 46
2492 46
2493 87
2493 476
2493 260
2494 298
2495 821
2495 253
2495 115
2495 450
2495 131
2495 177
2495 494
2495 743
2495 302
2495 758
2496 686
2497 46
2498 156
2499 93
2499 620
2499 554
2499 619
2499 388
2499 331
2499 233
2499 580
2499 774
2499 663
2499 2
2499 54
2499 170
2499 683
2499 523
2499 302
2499 522
2499 290
2499 739
2499 571
2499 395
2499 106
2499 368
2499 681
2499 211
2499 220
2499 689
2499 505
2501 70
2502 486
2503 803
2503 486
2504 242
2504 148
2505 371
2506 46
2507 563
2508 6
2508 400
2508 285
2508 238
2508 778
2508 821
2508 87
2508 253
2508 64
2508 589
2508 20
2508 192
2508 262
2508 584
2508 749
2508 61
2508 131
2508 177
2508 701
2508 316
2508 503
2508 103
2508 702
2508 489
2508 213
2508 302
2508 133
2508 350
2508 160
2508 35
2508 373
2508 138
2508 568
2508 837
2508 303
2508 169
2508 586
2508 581
2508 758
2508 391
2508 833
2509 659
2509 828
2510 452
2510 728
2511 400
2511 501
2511 388
2511 2
2511 683
2511 819
2511 681
2512 726
2513 62
2514 436
2515 563
2516 726
2517 519
2517 608
2517 70
2517 409
2518 726
2519 104
2519 288
2519 818
2521 726
2522 57
2522 596
2522 298
2522 704
2522 269
2522 826
2522 791
2522 193
2524 387
2524 267
2524 840
2524 805
2525 773
2525 146
2526 836
2527 46
2528 496
2528 339
2529 539
2530 354
2531 726
2532 387
2532 177
2533 317
2534 504
2534 644
2534 675
2534 526
2534 561
2534 739
2534 653
2534 414
2536 504
2537 296
2538 739
2539 710
2540 296
2541 242
2542 486
2543 486
2544 726
2544 739
2545 72
2546 353
2546 200
2547 726
2548 197
2549 557
2550 609
2551 532
2552 443
2553 717
2554 46
2554 227
2555 46
2555 241
2555 247
2555 562
2556 125
2557 662
2558 46
2559 688
2559 71
2559 615
2560 726
2561 104
2561 288
2561 818
2562 765
2563 717
2564 122
2564 186
2564 419
2564 832
2564 558
2564 496
2564 572
2565 563
2566 82
2566 229
2566 187
2566 290
2566 393
2566 395
2566 814
2566 426
2567 230
2568 726
2569 46
2570 355
2570 146
2571 451
2571 835
2572 46
2573 73
2573 622
2574 659
2574 486
2575 46
2576 828
2577 726
2578 55
2579 808
2579 40
2579 378
2579 619
2579 331
2579 104
2579 256
2579 377
2579 15
2579 685
2579 522
2579 571
2579 368
2579 220
2579 505
2580 360
2580 194
2580 479
2581 13
2581 710
2582 213
2583 773
2583 146
2584 741
2584 767
2584 376
2584 347
2585 217
2586 46
2587 783
2587 386
2589 309
2590 686
2591 304
2591 298
2591 702
2592 46
2593 46
2593 443
2594 749
2594 61
2594 489
2594 141
2595 46
2596 816
2597 320
2598 359
2598 782
2599 668
2599 496
2599 339
2600 717
2601 710
2602 317
2603 414
2604 46
2605 611
2605 55
2606 203
2607 694
2608 710
2609 295
2610 104
2611 806
2611 430
2611 677
2611 166
2611 31
2611 249
2611 594
2612 197
2612 202
2613 130
2614 726
2614 484
2615 46
2617 486
2618 63
2619 714
2620 644
2621 486
2622 726
2623 194
2624 46
2625 200
2626 790
2627 726
2628 716
2628 46
2628 104
2628 663
2628 2
2628 683
2628 681
2629 62
2630 501
2630 520
2631 125
2632 253
2632 664
2632 307
2634 46
2635 486
2636 433
2636 635
2636 59
2637 93
2637 817
2637 285
2637 384
2637 778
2637 821
2637 253
2637 589
2637 450
2637 216
2637 483
2637 815
2637 721
2637 701
2637 302
2637 133
2637 162
2637 373
2637 138
2637 626
2637 837
2637 490
2637 531
2637 833
2638 682
2638 584
2638 298
2638 357
2638 702
2638 819
2638 235
2638 269
2638 772
2638 670
2638 391
2639 695
2639 307
2640 294
2640 504
2640 526
2640 425
2640 452
2640 9
2640 319
2640 826
2640 791
2640 414
2640 422
2642 808
2642 40
2642 151
2642 378
2642 619
2642 331
2642 359
2642 188
2642 256
2642 15
2642 685
2642 522
2642 571
2642 368
2642 220
2642 505
2642 236
2643 197
2644 726
2644 606
2645 62
2645 777
2646 355
2646 146
2646 341
2647 104
2648 42
2649 486
2650 204
2651 682
2652 563
2653 380
2657 726
2658 150
2658 761
2658 360
2658 611
2658 194
2658 479
2658 514
2658 95
2658 463
2659 806
2660 696
2660 3
2660 703
2661 195
2662 433
2662 659
2662 200
2663 237
2663 104
2663 288
2663 342
2663 818
2664 486
2665 635
2666 726
2667 726
2668 604
2669 451
2671 411
2672 46
2673 334
2673 532
2673 573
2673 564
2673 643
2673 120
2673 710
2674 46
2675 635
2676 196
2676 200
2677 514
2678 710
2679 104
2680 486
2681 46
2682 790
2683 726
2684 40
2684 619
2684 104
2684 256
2684 15
2684 685
2684 522
2684 220
2684 505
2685 811
2686 380
2687 404
2688 717
2689 46
2689 125
2690 158
2691 510
2691 694
2691 352
2691 57
2691 464
2691 704
2691 358
2691 9
2691 672
2691 698
2691 354
2691 174
2691 517
2691 329
2691 49
2691 153
2691 826
2691 791
2691 658
2692 197
2692 514
2693 550
2694 726
2695 817
2695 589
2695 227
2696 562
2697 125
2698 42
2699 726
2700 486
2701 693
2702 486
2703 190
2703 624
2704 46
2705 200
2706 17
2707 735
2708 726
2709 789
2709 46
2710 486
2711 511
2711 639
2712 84
2713 55
2714 388
2714 663
2714 2
2714 683
2714 681
2715 486
2716 143
2717 46
2718 486
2719 388
2719 663
2719 2
2719 683
2719 681
2720 32
2720 760
2720 592
2720 836
2722 707
2722 736
2722 604
2723 717
2724 385
2724 199
2724 415
2724 465
2724 754
2724 801
2724 692
2725 197
2726 237
2727 78
2728 486
2729 726
2730 486
2731 486
2732 630
2732 476
2732 312
2732 599
2732 392
2732 412
2732 175
2732 206
2733 46
2734 200
2735 679
2736 339
2737 384
2737 302
2738 325
2738 698
2739 746
2739 726
2739 468
2740 360
2740 479
2740 514
2740 307
2741 70
2742 242
2742 197
2742 479
2743 46
2744 46
2745 104
2745 288
2745 818
2746 46
2747 104
2748 456
2748 62
2748 678
2748 86
2748 756
2748 441
2748 203
2749 46
2750 46
2751 46
2752 196
2752 563
2753 39
2753 149
2753 813
2754 682
2754 253
2754 538
2756 346
2756 163
2757 710
2758 501
2759 501
2760 313
2761 46
2762 549
2763 532
2764 46
2765 46
2766 486
2767 46
2768 641
2769 130
2770 679
2771 486
2772 469
2773 46
2774 26
2775 726
2776 750
2777 726
2779 400
2780 682
2780 235
2781 659
2781 164
2781 306
2782 242
2782 30
2782 148
2783 62
2784 98
2784 215
2784 400
2784 285
2784 716
2784 287
2784 335
2784 589
2784 38
2784 538
2784 715
2784 262
2784 759
2784 177
2784 274
2784 701
2784 702
2784 213
2784 302
2784 250
2784 5
2784 373
2784 521
2784 138
2784 487
2784 687
2784 27
2784 12
2784 833
2785 245
2786 643
2787 568
2788 440
2788 756
2788 114
2788 559
2788 203
2788 116
2788 628
2789 400
2789 270
2789 732
2789 237
2789 713
2789 492
2789 137
2789 214
2789 750
2789 709
2789 102
2789 809
2789 83
2789 669
2789 26
2789 613
2789 664
2789 321
2789 51
2789 219
2789 752
2789 830
2790 553
2792 55
2793 176
2793 514
2793 95
2793 273
2797 118
2797 450
2798 78
2798 486
2798 70
2799 771
2800 726
2800 710
2800 125
2802 109
2802 204
2802 146
2802 578
2803 537
2810 779
2810 726
2819 818
2824 717
2825 739
2827 726
2834 717
2837 486
2840 726
2844 663
2844 683
2844 726
2844 681
2846 562
2847 783
2847 386
2847 9
2847 153
2849 832
2849 713
2849 26
2849 339
2850 717
2851 466
2857 719
2858 771
2859 811
2859 784
2859 555
2860 486
2860 537
2860 70
2860 726
2860 562
2862 729
2862 726
2862 826
2865 742
2869 13
2869 309
2871 726
2875 556
2875 486
2875 633
2876 576
2879 190
2883 742
2888 736
2888 726
2892 811
2898 569
2899 450
2899 61
2899 828
2901 690
2901 277
2901 46
2901 113
2901 70
2901 604
2901 314
2902 313
2902 717
2905 98
2905 50
2905 335
2905 549
2905 417
2905 781
2905 535
2905 288
2905 834
2905 71
2905 597
2905 543
2905 210
2905 499
2905 375
2906 451
2906 742
2907 403
2908 576
2909 118
2909 726
2916 284
2917 147
2917 90
2917 433
2917 196
2917 579
2917 734
2917 651
2917 536
2917 707
2917 488
2917 81
2917 439
2917 585
2917 296
2917 736
2917 402
2917 406
2917 48
2917 542
2917 382
2917 763
2917 280
2917 748
2917 459
2917 730
2917 593
2917 695
2917 562
2917 254
2917 200
2917 786
2917 281
2917 528
2917 307
2917 570
2920 660
2921 766
2921 309
2921 141
2923 756
2924 104
2925 811
2926 576
2928 486
2929 46
2930 147
2930 90
2930 433
2930 579
2930 734
2930 651
2930 707
2930 649
2930 488
2930 81
2930 585
2930 296
2930 736
2930 402
2930 406
2930 48
2930 542
2930 382
2930 763
2930 280
2930 748
2930 730
2930 593
2930 562
2930 254
2930 200
2930 786
2930 281
2930 528
2930 570
2931 99
2932 466
2935 726
2936 726
2938 587
2939 161
2939 726
2939 660
2939 112
2939 699
2939 333
2939 225
2940 717
2942 379
2942 486
2942 271
2942 686
2942 243
2942 652
2942 838
2942 530
2942 598
2942 68
2942 836
2945 466
2948 788
2948 831
2948 323
2948 647
2948 660
2948 112
2948 47
2948 225
2949 726
2955 710
2956 717
2957 569
2957 69
2957 526
2957 159
2957 201
2957 308
2957 818
2958 704
2958 94
2960 726
2962 197
2962 99
2962 43
2965 90
2965 657
2965 589
2965 230
2965 717
2965 563
2965 107
2966 549
2967 726
2968 460
2972 90
2972 426
2974 141
2975 486
2976 726
2978 473
2978 354
2979 779
2979 726
2980 443
2981 549
2981 288
2981 834
2981 210
2981 499
2981 375
2982 537
2983 351
2983 529
2984 635
2984 72
2987 156
2990 512
2992 791
2999 726
3000 486
3000 271
3000 597
3000 23
3000 686
3000 243
3000 598
3000 68
3000 836
3001 379
3001 572
3003 469
3004 779
3004 563
3004 726
3005 717
3005 466
3006 345
